v0	0.698 0.898 1.196	-0.546 0.838 0.000	1.000 1.000 0.580 1.000
v1	0.216 0.584 1.197	-0.546 0.838 0.000	1.000 1.000 0.580 1.000
v2	0.698 0.898 -0.216	-0.546 0.838 0.000	1.000 1.000 0.580 1.000
v3	0.217 0.584 -0.216	-0.546 0.838 0.000	1.000 1.000 0.580 1.000
v4	0.988 0.900 -0.491	0.000 0.693 -0.721	1.000 1.000 0.580 1.000
v5	0.988 0.586 -0.792	0.000 0.693 -0.721	1.000 1.000 0.580 1.000
v6	1.874 0.900 -0.491	0.000 0.693 -0.721	1.000 1.000 0.580 1.000
v7	1.874 0.586 -0.792	0.000 0.693 -0.721	1.000 1.000 0.580 1.000
v8	3.140 0.899 -0.490	0.000 0.693 -0.721	1.000 1.000 0.580 1.000
v9	3.140 0.586 -0.792	0.000 0.693 -0.721	1.000 1.000 0.580 1.000
v10	4.026 0.899 -0.490	0.000 0.693 -0.721	1.000 1.000 0.580 1.000
v11	4.026 0.586 -0.792	0.000 0.693 -0.721	1.000 1.000 0.580 1.000
v12	1.875 0.897 1.493	0.000 0.693 0.721	1.000 1.000 0.580 1.000
v13	1.875 0.583 1.794	0.000 0.693 0.721	1.000 1.000 0.580 1.000
v14	0.989 0.897 1.493	0.000 0.693 0.721	1.000 1.000 0.580 1.000
v15	0.989 0.583 1.794	0.000 0.693 0.721	1.000 1.000 0.580 1.000
v16	0.217 0.584 -0.216	0.546 -0.838 0.000	1.000 1.000 0.580 1.000
v17	0.216 0.584 1.197	0.546 -0.838 0.000	1.000 1.000 0.580 1.000
v18	0.698 0.898 1.196	0.546 -0.838 0.000	1.000 1.000 0.580 1.000
v19	0.698 0.898 -0.216	0.546 -0.838 0.000	1.000 1.000 0.580 1.000
v20	1.874 0.586 -0.792	0.000 -0.693 0.721	1.000 1.000 0.580 1.000
v21	0.988 0.586 -0.792	0.000 -0.693 0.721	1.000 1.000 0.580 1.000
v22	0.988 0.900 -0.491	0.000 -0.693 0.721	1.000 1.000 0.580 1.000
v23	1.874 0.900 -0.491	0.000 -0.693 0.721	1.000 1.000 0.580 1.000
v24	4.026 0.586 -0.792	0.000 -0.693 0.721	1.000 1.000 0.580 1.000
v25	3.140 0.586 -0.792	0.000 -0.693 0.721	1.000 1.000 0.580 1.000
v26	3.140 0.899 -0.490	0.000 -0.693 0.721	1.000 1.000 0.580 1.000
v27	4.026 0.899 -0.490	0.000 -0.693 0.721	1.000 1.000 0.580 1.000
v28	1.875 0.897 1.493	0.000 -0.693 -0.721	1.000 1.000 0.580 1.000
v29	0.989 0.897 1.493	0.000 -0.693 -0.721	1.000 1.000 0.580 1.000
v30	0.989 0.583 1.794	0.000 -0.693 -0.721	1.000 1.000 0.580 1.000
v31	1.875 0.583 1.794	0.000 -0.693 -0.721	1.000 1.000 0.580 1.000
f3 3 0 1
f3 2 0 3
f3 16 17 18
f3 19 16 18
f3 7 4 5
f3 6 4 7
f3 20 21 22
f3 23 20 22
f3 10 8 9
f3 11 10 9
f3 24 25 26
f3 27 24 26
f3 13 15 14
f3 12 13 14
f3 28 29 30
f3 31 28 30
