v0	4.189 -0.002 3.254	1.000 0.000 0.000	0.145 0.145 0.145 1.000
v1	4.189 0.008 3.254	1.000 0.000 0.000	0.145 0.145 0.145 1.000
v2	2.943 0.002 3.254	-0.336 0.000 -0.942	0.145 0.145 0.145 1.000
v3	2.943 0.010 3.254	-0.336 0.000 -0.942	0.145 0.145 0.145 1.000
v4	4.189 -0.002 3.759	1.000 0.000 0.000	0.145 0.145 0.145 1.000
v5	2.943 0.002 3.761	-0.042 -0.999 0.000	0.145 0.145 0.145 1.000
v6	2.943 0.010 3.761	-1.000 0.000 0.000	0.145 0.145 0.145 1.000
v7	4.189 0.008 3.759	1.000 0.000 0.000	0.145 0.145 0.145 1.000
v8	3.032 -0.001 3.793	-0.028 -1.000 0.000	0.145 0.145 0.145 1.000
v9	3.032 0.037 3.793	-0.147 0.989 0.000	0.145 0.145 0.145 1.000
v10	3.032 0.037 3.223	-0.227 0.000 -0.974	0.145 0.145 0.145 1.000
v11	3.032 -0.001 3.223	-0.113 0.000 -0.994	0.145 0.145 0.145 1.000
v12	4.085 -0.001 3.223	0.196 0.000 -0.981	0.145 0.145 0.145 1.000
v13	4.085 0.037 3.223	0.090 0.996 0.000	0.145 0.145 0.145 1.000
v14	4.085 0.037 3.793	0.208 0.000 0.978	0.145 0.145 0.145 1.000
v15	4.085 -0.001 3.793	0.104 0.000 0.995	0.145 0.145 0.145 1.000
v16	3.930 0.530 2.439	1.000 0.000 0.000	1.000 1.000 1.000 1.000
v17	3.930 0.945 2.439	1.000 0.000 0.000	1.000 1.000 1.000 1.000
v18	3.857 0.531 4.812	0.000 -1.000 0.002	1.000 1.000 1.000 1.000
v19	3.286 0.531 4.812	0.000 -1.000 0.002	1.000 1.000 1.000 1.000
v20	3.286 0.812 4.812	0.000 0.976 0.216	0.290 0.290 0.290 1.000
v21	3.857 0.812 4.812	0.000 0.976 0.216	0.290 0.290 0.290 1.000
v22	3.930 0.530 4.208	0.000 -1.000 0.001	1.000 1.000 1.000 1.000
v23	3.930 0.945 4.208	0.032 0.993 0.116	0.290 0.290 0.290 1.000
v24	3.212 0.945 4.208	-0.043 0.996 0.081	0.290 0.290 0.290 1.000
v25	3.212 0.945 2.439	-1.000 0.000 0.000	1.000 1.000 1.000 1.000
v26	3.212 0.530 2.439	-1.000 0.000 0.000	1.000 1.000 1.000 1.000
v27	3.212 0.530 4.208	0.000 -1.000 0.001	1.000 1.000 1.000 1.000
v28	3.571 0.671 4.851	0.000 0.000 1.000	0.145 0.145 0.145 1.000
v29	3.571 0.992 2.436	0.000 1.000 0.009	0.145 0.145 0.145 1.000
v30	3.303 0.995 1.084	0.000 -1.000 0.000	0.224 0.224 0.224 1.000
v31	3.386 0.995 1.229	0.000 -1.000 0.000	0.224 0.224 0.224 1.000
v32	3.551 0.995 1.229	0.000 -1.000 0.000	0.224 0.224 0.224 1.000
v33	3.633 0.995 1.084	0.000 -1.000 0.000	0.224 0.224 0.224 1.000
v34	3.551 0.995 0.939	0.000 -1.000 0.000	0.224 0.224 0.224 1.000
v35	3.386 0.995 0.939	0.000 -1.000 0.000	0.224 0.224 0.224 1.000
v36	3.344 1.052 1.084	-0.163 0.986 0.031	0.224 0.224 0.224 1.000
v37	3.406 1.052 1.192	-0.068 0.991 0.116	0.224 0.224 0.224 1.000
v38	3.530 1.052 1.192	0.109 0.977 0.186	0.224 0.224 0.224 1.000
v39	3.592 1.052 1.084	0.090 0.996 0.000	0.224 0.224 0.224 1.000
v40	3.530 1.052 0.975	0.136 0.979 -0.155	0.224 0.224 0.224 1.000
v41	3.406 1.052 0.975	-0.090 0.984 -0.155	0.224 0.224 0.224 1.000
v42	3.386 1.040 0.939	-0.135 0.963 -0.231	0.224 0.224 0.224 1.000
v43	3.303 1.040 1.084	-0.270 0.962 -0.051	0.224 0.224 0.224 1.000
v44	3.386 1.040 1.229	-0.135 0.963 0.231	0.224 0.224 0.224 1.000
v45	3.551 1.040 1.229	0.135 0.963 0.231	0.224 0.224 0.224 1.000
v46	3.633 1.040 1.084	0.270 0.963 0.000	0.224 0.224 0.224 1.000
v47	3.551 1.040 0.939	0.090 0.962 -0.257	0.224 0.224 0.224 1.000
v48	3.650 0.995 1.457	0.000 -1.000 0.000	0.224 0.224 0.224 1.000
v49	3.733 0.995 1.602	0.000 -1.000 0.000	0.224 0.224 0.224 1.000
v50	3.898 0.995 1.602	0.000 -1.000 0.000	0.224 0.224 0.224 1.000
v51	3.981 0.995 1.457	0.000 -1.000 0.000	0.224 0.224 0.224 1.000
v52	3.898 0.995 1.312	0.000 -1.000 0.000	0.224 0.224 0.224 1.000
v53	3.733 0.995 1.312	0.000 -1.000 0.000	0.224 0.224 0.224 1.000
v54	3.692 1.052 1.457	-0.136 0.990 0.026	0.224 0.224 0.224 1.000
v55	3.754 1.052 1.566	-0.068 0.991 0.116	0.224 0.224 0.224 1.000
v56	3.878 1.052 1.566	0.109 0.977 0.186	0.224 0.224 0.224 1.000
v57	3.940 1.052 1.457	0.108 0.994 0.000	0.224 0.224 0.224 1.000
v58	3.878 1.052 1.349	0.109 0.986 -0.124	0.224 0.224 0.224 1.000
v59	3.754 1.052 1.349	-0.109 0.977 -0.186	0.224 0.224 0.224 1.000
v60	3.733 1.040 1.312	-0.135 0.963 -0.231	0.224 0.224 0.224 1.000
v61	3.650 1.040 1.457	-0.270 0.962 -0.051	0.224 0.224 0.224 1.000
v62	3.733 1.040 1.602	-0.135 0.963 0.231	0.224 0.224 0.224 1.000
v63	3.898 1.040 1.602	0.135 0.963 0.231	0.224 0.224 0.224 1.000
v64	3.981 1.040 1.457	0.270 0.963 0.000	0.224 0.224 0.224 1.000
v65	3.898 1.040 1.312	0.090 0.962 -0.257	0.224 0.224 0.224 1.000
v66	3.709 0.995 0.953	0.000 -1.000 0.000	0.224 0.224 0.224 1.000
v67	3.791 0.995 1.098	0.000 -1.000 0.000	0.224 0.224 0.224 1.000
v68	3.957 0.995 1.098	0.000 -1.000 0.000	0.224 0.224 0.224 1.000
v69	4.039 0.995 0.953	0.000 -1.000 0.000	0.224 0.224 0.224 1.000
v70	3.957 0.995 0.808	0.000 -1.000 0.000	0.224 0.224 0.224 1.000
v71	3.791 0.995 0.808	0.000 -1.000 0.000	0.224 0.224 0.224 1.000
v72	3.750 1.052 0.953	-0.163 0.986 0.031	0.224 0.224 0.224 1.000
v73	3.812 1.052 1.062	-0.068 0.991 0.116	0.224 0.224 0.224 1.000
v74	3.936 1.052 1.062	0.109 0.977 0.186	0.224 0.224 0.224 1.000
v75	3.998 1.052 0.953	0.090 0.996 0.000	0.224 0.224 0.224 1.000
v76	3.936 1.052 0.844	0.136 0.979 -0.155	0.224 0.224 0.224 1.000
v77	3.812 1.052 0.844	-0.090 0.984 -0.155	0.224 0.224 0.224 1.000
v78	3.791 1.040 0.808	-0.135 0.963 -0.231	0.224 0.224 0.224 1.000
v79	3.709 1.040 0.953	-0.270 0.962 -0.051	0.224 0.224 0.224 1.000
v80	3.791 1.040 1.098	-0.135 0.963 0.231	0.224 0.224 0.224 1.000
v81	3.957 1.040 1.098	0.135 0.963 0.231	0.224 0.224 0.224 1.000
v82	4.039 1.040 0.953	0.270 0.963 0.000	0.224 0.224 0.224 1.000
v83	3.957 1.040 0.808	0.090 0.962 -0.257	0.224 0.224 0.224 1.000
v84	3.788 1.033 0.891	0.000 -1.000 0.000	0.224 0.224 0.224 1.000
v85	3.813 1.033 0.934	0.000 -1.000 0.000	0.224 0.224 0.224 1.000
v86	3.863 1.033 0.934	0.000 -1.000 0.000	0.224 0.224 0.224 1.000
v87	3.889 1.033 0.891	0.000 -1.000 0.000	0.224 0.224 0.224 1.000
v88	3.863 1.033 0.847	0.000 -1.000 0.000	0.224 0.224 0.224 1.000
v89	3.813 1.033 0.847	0.000 -1.000 0.000	0.224 0.224 0.224 1.000
v90	3.800 1.332 0.891	-0.851 0.175 0.495	0.224 0.224 0.224 1.000
v91	3.819 1.332 0.923	-0.851 0.175 0.495	0.224 0.224 0.224 1.000
v92	3.857 1.332 0.923	0.000 0.174 0.985	0.224 0.224 0.224 1.000
v93	3.876 1.332 0.891	0.851 0.175 0.495	0.224 0.224 0.224 1.000
v94	3.857 1.332 0.858	0.851 0.175 -0.495	0.224 0.224 0.224 1.000
v95	3.819 1.332 0.858	0.000 0.174 -0.985	0.224 0.224 0.224 1.000
v96	3.813 1.271 0.847	0.000 0.117 -0.993	0.224 0.224 0.224 1.000
v97	3.788 1.271 0.891	-0.858 0.117 0.499	0.224 0.224 0.224 1.000
v98	3.813 1.271 0.934	-0.863 0.059 0.502	0.224 0.224 0.224 1.000
v99	3.863 1.271 0.934	0.000 0.087 0.996	0.224 0.224 0.224 1.000
v100	3.889 1.271 0.891	0.863 0.059 0.502	0.224 0.224 0.224 1.000
v101	3.863 1.271 0.847	0.863 0.059 -0.502	0.224 0.224 0.224 1.000
v102	3.827 1.045 0.890	-0.895 0.000 0.445	1.000 1.000 1.000 1.000
v103	3.832 1.045 0.901	-0.895 0.000 0.445	1.000 1.000 1.000 1.000
v104	3.843 1.045 0.901	0.000 0.000 1.000	1.000 1.000 1.000 1.000
v105	3.849 1.045 0.890	0.895 0.000 0.445	1.000 1.000 1.000 1.000
v106	3.843 1.045 0.879	0.895 0.000 -0.445	1.000 1.000 1.000 1.000
v107	3.832 1.045 0.879	0.000 0.000 -1.000	1.000 1.000 1.000 1.000
v108	3.827 1.921 0.890	-0.895 0.000 0.445	1.000 1.000 1.000 1.000
v109	3.832 1.921 0.901	-0.895 0.000 0.445	1.000 1.000 1.000 1.000
v110	3.843 1.921 0.901	0.000 0.000 1.000	1.000 1.000 1.000 1.000
v111	3.849 1.921 0.890	0.895 0.000 0.445	1.000 1.000 1.000 1.000
v112	3.843 1.921 0.879	0.895 0.000 -0.445	1.000 1.000 1.000 1.000
v113	3.832 1.921 0.879	0.000 0.000 -1.000	1.000 1.000 1.000 1.000
v114	3.311 -0.005 4.719	-0.874 0.000 0.486	0.290 0.290 0.290 1.000
v115	3.341 -0.005 4.772	-0.874 0.000 0.486	0.290 0.290 0.290 1.000
v116	3.400 -0.005 4.772	0.000 0.000 1.000	0.290 0.290 0.290 1.000
v117	3.429 -0.005 4.719	0.874 0.000 0.486	0.290 0.290 0.290 1.000
v118	3.400 -0.005 4.666	0.874 0.000 -0.486	0.290 0.290 0.290 1.000
v119	3.341 -0.005 4.666	0.000 0.000 -1.000	0.290 0.290 0.290 1.000
v120	3.311 0.540 4.719	-0.874 0.000 0.486	0.290 0.290 0.290 1.000
v121	3.341 0.540 4.772	-0.874 0.000 0.486	0.290 0.290 0.290 1.000
v122	3.400 0.540 4.772	0.000 0.000 1.000	0.290 0.290 0.290 1.000
v123	3.429 0.540 4.719	0.874 0.000 0.486	0.290 0.290 0.290 1.000
v124	3.400 0.540 4.666	0.874 0.000 -0.486	0.290 0.290 0.290 1.000
v125	3.341 0.540 4.666	0.000 0.000 -1.000	0.290 0.290 0.290 1.000
v126	3.712 -0.005 4.719	-0.874 0.000 0.486	0.290 0.290 0.290 1.000
v127	3.742 -0.005 4.772	-0.874 0.000 0.486	0.290 0.290 0.290 1.000
v128	3.801 -0.005 4.772	0.000 0.000 1.000	0.290 0.290 0.290 1.000
v129	3.830 -0.005 4.719	0.874 0.000 0.486	0.290 0.290 0.290 1.000
v130	3.801 -0.005 4.666	0.874 0.000 -0.486	0.290 0.290 0.290 1.000
v131	3.742 -0.005 4.666	0.000 0.000 -1.000	0.290 0.290 0.290 1.000
v132	3.712 0.540 4.719	-0.874 0.000 0.486	0.290 0.290 0.290 1.000
v133	3.742 0.540 4.772	-0.874 0.000 0.486	0.290 0.290 0.290 1.000
v134	3.801 0.540 4.772	0.000 0.000 1.000	0.290 0.290 0.290 1.000
v135	3.830 0.540 4.719	0.874 0.000 0.486	0.290 0.290 0.290 1.000
v136	3.801 0.540 4.666	0.874 0.000 -0.486	0.290 0.290 0.290 1.000
v137	3.742 0.540 4.666	0.000 0.000 -1.000	0.290 0.290 0.290 1.000
v138	0.052 0.502 2.329	-0.545 0.839 0.007	0.184 0.184 0.184 1.000
v139	0.052 0.502 2.449	-0.545 0.839 0.007	0.737 0.737 0.737 1.000
v140	0.822 1.002 2.448	-0.545 0.839 0.007	0.737 0.737 0.737 1.000
v141	0.822 1.002 2.328	-0.545 0.839 0.007	0.184 0.184 0.184 1.000
v142	0.052 0.502 0.619	-0.545 0.839 0.007	0.184 0.184 0.184 1.000
v143	0.052 0.502 0.739	-0.545 0.839 0.007	0.737 0.737 0.737 1.000
v144	0.822 1.002 0.738	-0.545 0.839 0.007	0.737 0.737 0.737 1.000
v145	0.822 1.002 0.618	-0.545 0.839 0.007	0.184 0.184 0.184 1.000
v146	4.948 0.502 0.738	0.545 0.839 -0.007	0.184 0.184 0.184 1.000
v147	4.948 0.502 0.618	0.545 0.839 -0.007	0.737 0.737 0.737 1.000
v148	4.178 1.002 0.619	0.545 0.839 -0.007	0.737 0.737 0.737 1.000
v149	4.178 1.002 0.739	0.545 0.839 -0.007	0.184 0.184 0.184 1.000
v150	4.948 0.502 2.447	0.545 0.839 -0.007	0.184 0.184 0.184 1.000
v151	4.948 0.502 2.327	0.545 0.839 -0.007	0.737 0.737 0.737 1.000
v152	4.178 1.002 2.328	0.545 0.839 -0.007	0.737 0.737 0.737 1.000
v153	4.178 1.002 2.448	0.545 0.839 -0.007	0.184 0.184 0.184 1.000
v154	0.817 1.004 0.637	0.000 1.000 0.006	0.737 0.737 0.737 1.000
v155	0.817 1.003 0.761	0.000 1.000 0.006	0.737 0.737 0.737 1.000
v156	4.179 1.003 0.720	0.000 1.000 0.006	0.737 0.737 0.737 1.000
v157	4.179 1.004 0.596	0.000 1.000 0.006	0.737 0.737 0.737 1.000
v158	0.817 1.003 2.348	0.000 1.000 0.006	0.737 0.737 0.737 1.000
v159	0.817 1.002 2.472	0.000 1.000 0.006	0.737 0.737 0.737 1.000
v160	4.179 1.002 2.431	0.000 1.000 0.006	0.737 0.737 0.737 1.000
v161	4.179 1.002 2.307	0.000 1.000 0.006	0.737 0.737 0.737 1.000
v162	1.935 1.002 2.450	-0.007 -1.000 0.000	0.737 0.737 0.737 1.000
v163	2.047 1.001 2.450	-0.007 -1.000 0.000	0.737 0.737 0.737 1.000
v164	2.047 1.001 0.615	-0.007 -1.000 0.000	0.737 0.737 0.737 1.000
v165	1.935 1.002 0.615	-0.007 -1.000 0.000	0.737 0.737 0.737 1.000
v166	2.046 0.500 2.938	0.004 0.699 -0.715	0.737 0.737 0.737 1.000
v167	1.935 0.500 2.937	0.004 0.699 -0.715	0.737 0.737 0.737 1.000
v168	1.935 0.001 2.449	0.004 0.699 -0.715	0.737 0.737 0.737 1.000
v169	2.046 0.001 2.450	0.004 0.699 -0.715	0.737 0.737 0.737 1.000
v170	1.935 0.501 0.126	-0.004 0.699 0.715	0.737 0.737 0.737 1.000
v171	2.046 0.501 0.127	-0.004 0.699 0.715	0.737 0.737 0.737 1.000
v172	2.046 0.001 0.614	-0.004 0.699 0.715	0.737 0.737 0.737 1.000
v173	1.935 0.001 0.614	-0.004 0.699 0.715	0.737 0.737 0.737 1.000
v174	1.935 0.501 2.938	-0.004 -0.699 -0.715	0.737 0.737 0.737 1.000
v175	2.046 0.501 2.937	-0.004 -0.699 -0.715	0.737 0.737 0.737 1.000
v176	2.046 1.000 2.449	-0.004 -0.699 -0.715	0.737 0.737 0.737 1.000
v177	1.935 1.000 2.450	-0.004 -0.699 -0.715	0.737 0.737 0.737 1.000
v178	2.046 0.501 0.126	0.004 -0.699 0.715	0.737 0.737 0.737 1.000
v179	1.935 0.501 0.127	0.004 -0.699 0.715	0.737 0.737 0.737 1.000
v180	1.935 1.000 0.614	0.004 -0.699 0.715	0.737 0.737 0.737 1.000
v181	2.046 1.000 0.614	0.004 -0.699 0.715	0.737 0.737 0.737 1.000
v182	0.823 1.002 2.450	-0.007 -1.000 0.000	0.737 0.737 0.737 1.000
v183	0.934 1.001 2.450	-0.007 -1.000 0.000	0.737 0.737 0.737 1.000
v184	0.935 1.001 0.615	-0.007 -1.000 0.000	0.737 0.737 0.737 1.000
v185	0.823 1.002 0.615	-0.007 -1.000 0.000	0.737 0.737 0.737 1.000
v186	0.934 0.500 2.938	0.004 0.699 -0.715	0.737 0.737 0.737 1.000
v187	0.823 0.500 2.937	0.004 0.699 -0.715	0.737 0.737 0.737 1.000
v188	0.823 0.001 2.449	0.004 0.699 -0.715	0.737 0.737 0.737 1.000
v189	0.934 0.001 2.450	0.004 0.699 -0.715	0.737 0.737 0.737 1.000
v190	0.823 0.501 0.126	-0.004 0.699 0.715	0.737 0.737 0.737 1.000
v191	0.934 0.501 0.127	-0.004 0.699 0.715	0.737 0.737 0.737 1.000
v192	0.934 0.001 0.614	-0.004 0.699 0.715	0.737 0.737 0.737 1.000
v193	0.823 0.001 0.614	-0.004 0.699 0.715	0.737 0.737 0.737 1.000
v194	0.823 0.501 2.938	-0.004 -0.699 -0.715	0.737 0.737 0.737 1.000
v195	0.934 0.501 2.937	-0.004 -0.699 -0.715	0.737 0.737 0.737 1.000
v196	0.934 1.000 2.449	-0.004 -0.699 -0.715	0.737 0.737 0.737 1.000
v197	0.823 1.000 2.450	-0.004 -0.699 -0.715	0.737 0.737 0.737 1.000
v198	0.934 0.501 0.126	0.004 -0.699 0.715	0.737 0.737 0.737 1.000
v199	0.823 0.501 0.127	0.004 -0.699 0.715	0.737 0.737 0.737 1.000
v200	0.823 1.000 0.614	0.004 -0.699 0.715	0.737 0.737 0.737 1.000
v201	0.934 1.000 0.614	0.004 -0.699 0.715	0.737 0.737 0.737 1.000
v202	2.987 1.002 2.450	-0.007 -1.000 0.000	0.737 0.737 0.737 1.000
v203	3.099 1.001 2.450	-0.007 -1.000 0.000	0.737 0.737 0.737 1.000
v204	3.099 1.001 0.615	-0.007 -1.000 0.000	0.737 0.737 0.737 1.000
v205	2.988 1.002 0.615	-0.007 -1.000 0.000	0.737 0.737 0.737 1.000
v206	3.099 0.500 2.938	0.004 0.699 -0.715	0.737 0.737 0.737 1.000
v207	2.987 0.500 2.937	0.004 0.699 -0.715	0.737 0.737 0.737 1.000
v208	2.987 0.001 2.449	0.004 0.699 -0.715	0.737 0.737 0.737 1.000
v209	3.099 0.001 2.450	0.004 0.699 -0.715	0.737 0.737 0.737 1.000
v210	2.987 0.501 0.126	-0.004 0.699 0.715	0.737 0.737 0.737 1.000
v211	3.099 0.501 0.127	-0.004 0.699 0.715	0.737 0.737 0.737 1.000
v212	3.099 0.001 0.614	-0.004 0.699 0.715	0.737 0.737 0.737 1.000
v213	2.987 0.001 0.614	-0.004 0.699 0.715	0.737 0.737 0.737 1.000
v214	2.987 0.501 2.938	-0.004 -0.699 -0.715	0.737 0.737 0.737 1.000
v215	3.099 0.501 2.937	-0.004 -0.699 -0.715	0.737 0.737 0.737 1.000
v216	3.099 1.000 2.449	-0.004 -0.699 -0.715	0.737 0.737 0.737 1.000
v217	2.987 1.000 2.450	-0.004 -0.699 -0.715	0.737 0.737 0.737 1.000
v218	3.099 0.501 0.126	0.004 -0.699 0.715	0.737 0.737 0.737 1.000
v219	2.987 0.501 0.127	0.004 -0.699 0.715	0.737 0.737 0.737 1.000
v220	2.987 1.000 0.614	0.004 -0.699 0.715	0.737 0.737 0.737 1.000
v221	3.099 1.000 0.614	0.004 -0.699 0.715	0.737 0.737 0.737 1.000
v222	4.067 1.002 2.450	-0.007 -1.000 0.000	0.737 0.737 0.737 1.000
v223	4.179 1.001 2.450	-0.007 -1.000 0.000	0.737 0.737 0.737 1.000
v224	4.179 1.001 0.615	-0.007 -1.000 0.000	0.737 0.737 0.737 1.000
v225	4.067 1.002 0.615	-0.007 -1.000 0.000	0.737 0.737 0.737 1.000
v226	4.178 0.500 2.938	0.004 0.699 -0.715	0.737 0.737 0.737 1.000
v227	4.067 0.500 2.937	0.004 0.699 -0.715	0.737 0.737 0.737 1.000
v228	4.067 0.001 2.449	0.004 0.699 -0.715	0.737 0.737 0.737 1.000
v229	4.178 0.001 2.450	0.004 0.699 -0.715	0.737 0.737 0.737 1.000
v230	4.067 0.501 0.126	-0.004 0.699 0.715	0.737 0.737 0.737 1.000
v231	4.178 0.501 0.127	-0.004 0.699 0.715	0.737 0.737 0.737 1.000
v232	4.178 0.001 0.614	-0.004 0.699 0.715	0.737 0.737 0.737 1.000
v233	4.067 0.001 0.614	-0.004 0.699 0.715	0.737 0.737 0.737 1.000
v234	4.067 0.501 2.938	-0.004 -0.699 -0.715	0.737 0.737 0.737 1.000
v235	4.178 0.501 2.937	-0.004 -0.699 -0.715	0.737 0.737 0.737 1.000
v236	4.178 1.000 2.449	-0.004 -0.699 -0.715	0.737 0.737 0.737 1.000
v237	4.067 1.000 2.450	-0.004 -0.699 -0.715	0.737 0.737 0.737 1.000
v238	4.178 0.501 0.126	0.004 -0.699 0.715	0.737 0.737 0.737 1.000
v239	4.067 0.501 0.127	0.004 -0.699 0.715	0.737 0.737 0.737 1.000
v240	4.067 1.000 0.614	0.004 -0.699 0.715	0.737 0.737 0.737 1.000
v241	4.178 1.000 0.614	0.004 -0.699 0.715	0.737 0.737 0.737 1.000
v242	0.822 0.000 0.618	-0.412 -0.634 -0.654	0.380 0.380 0.380 1.000
v243	0.822 0.498 2.933	-0.413 -0.636 0.652	0.380 0.380 0.380 1.000
v244	0.822 -0.001 2.445	-0.413 -0.636 0.652	0.380 0.380 0.380 1.000
v245	0.823 0.500 0.132	-0.412 -0.634 -0.654	0.380 0.380 0.380 1.000
v246	0.822 1.000 0.619	1.000 0.000 0.000	0.184 0.184 0.184 1.000
v247	0.052 0.500 0.618	-0.412 -0.634 -0.654	0.184 0.184 0.184 1.000
v248	0.052 0.499 2.446	-0.413 -0.636 0.652	0.380 0.380 0.380 1.000
v249	0.822 0.999 2.446	-0.545 0.839 0.000	0.380 0.380 0.380 1.000
v250	0.631 0.875 2.178	-0.545 0.839 0.000	0.380 0.380 0.380 1.000
v251	0.219 0.607 2.178	-0.545 0.839 0.000	0.380 0.380 0.380 1.000
v252	0.630 0.875 0.859	-0.545 0.839 0.000	0.380 0.380 0.380 1.000
v253	0.218 0.607 0.859	-0.545 0.839 0.000	0.380 0.380 0.380 1.000
v254	0.696 0.607 0.859	0.000 1.000 0.000	0.380 0.380 0.380 1.000
v255	0.696 0.875 0.859	-1.000 0.000 0.000	0.000 0.000 0.000 1.000
v256	0.696 0.607 2.178	0.000 1.000 0.000	0.380 0.380 0.380 1.000
v257	0.696 0.875 2.178	0.000 0.000 -1.000	0.380 0.380 0.380 1.000
v258	4.944 0.499 2.446	0.412 -0.635 0.653	0.184 0.184 0.184 1.000
v259	4.174 -0.001 2.446	0.412 -0.635 0.653	0.380 0.380 0.380 1.000
v260	4.174 0.999 2.447	0.545 0.839 0.000	0.380 0.380 0.380 1.000
v261	4.174 0.500 0.132	0.413 0.636 -0.652	0.380 0.380 0.380 1.000
v262	4.944 0.500 0.619	0.545 -0.839 0.000	0.380 0.380 0.380 1.000
v263	4.174 1.000 0.619	0.545 0.839 0.000	0.184 0.184 0.184 1.000
v264	4.174 0.000 0.618	0.545 -0.839 0.000	0.380 0.380 0.380 1.000
v265	4.173 0.498 2.932	0.412 -0.635 0.653	0.184 0.184 0.184 1.000
v266	0.821 0.001 0.618	0.000 -1.000 0.000	0.380 0.380 0.380 1.000
v267	0.821 0.000 2.445	0.000 -1.000 0.000	0.380 0.380 0.380 1.000
v268	4.175 0.000 2.445	0.000 -1.000 0.000	0.380 0.380 0.380 1.000
v269	4.175 0.001 0.618	0.000 -1.000 0.000	0.380 0.380 0.380 1.000
v270	0.821 0.499 2.933	0.000 -0.698 0.716	0.380 0.380 0.380 1.000
v271	4.175 0.499 2.933	0.000 -0.698 0.716	0.380 0.380 0.380 1.000
v272	4.175 0.500 0.132	0.000 -0.697 -0.717	0.380 0.380 0.380 1.000
v273	0.821 0.500 0.132	0.000 -0.697 -0.717	0.380 0.380 0.380 1.000
v274	4.175 1.000 0.620	0.000 1.000 0.000	0.224 0.224 0.224 1.000
v275	0.821 1.000 0.620	0.000 1.000 0.000	0.224 0.224 0.224 1.000
v276	0.821 0.999 2.446	0.000 1.000 0.000	0.224 0.224 0.224 1.000
v277	4.175 0.999 2.446	0.000 1.000 0.000	0.224 0.224 0.224 1.000
v278	3.995 0.875 0.498	0.000 0.699 -0.715	0.380 0.380 0.380 1.000
v279	3.173 0.875 0.498	0.000 0.699 -0.715	0.380 0.380 0.380 1.000
v280	3.173 0.607 0.236	0.000 0.699 -0.715	0.380 0.380 0.380 1.000
v281	3.995 0.607 0.236	0.000 0.699 -0.715	0.380 0.380 0.380 1.000
v282	3.995 0.607 0.559	0.000 0.000 -1.000	0.000 0.000 0.000 1.000
v283	3.173 0.607 0.559	0.000 0.000 -1.000	0.000 0.000 0.000 1.000
v284	3.173 0.875 0.559	0.000 -1.000 0.000	0.380 0.380 0.380 1.000
v285	3.995 0.875 0.559	0.000 -1.000 0.000	0.380 0.380 0.380 1.000
v286	1.844 0.875 2.566	0.000 0.698 0.717	0.380 0.380 0.380 1.000
v287	1.021 0.875 2.566	0.000 0.698 0.717	0.380 0.380 0.380 1.000
v288	1.021 0.607 2.827	0.000 0.698 0.717	0.380 0.380 0.380 1.000
v289	1.844 0.607 2.827	0.000 0.698 0.717	0.380 0.380 0.380 1.000
v290	1.844 0.607 2.502	0.000 0.000 1.000	0.000 0.000 0.000 1.000
v291	1.844 0.875 2.502	0.000 0.000 1.000	0.000 0.000 0.000 1.000
v292	1.021 0.607 2.502	0.000 0.000 1.000	0.000 0.000 0.000 1.000
v293	1.021 0.875 2.502	0.000 0.000 1.000	0.000 0.000 0.000 1.000
v294	1.844 0.875 0.498	0.000 0.699 -0.715	0.380 0.380 0.380 1.000
v295	1.021 0.875 0.498	0.000 0.699 -0.715	0.380 0.380 0.380 1.000
v296	1.021 0.607 0.236	0.000 0.699 -0.715	0.380 0.380 0.380 1.000
v297	1.844 0.607 0.236	0.000 0.699 -0.715	0.380 0.380 0.380 1.000
v298	1.844 0.607 0.559	0.000 0.000 -1.000	0.000 0.000 0.000 1.000
v299	1.021 0.607 0.559	0.000 0.000 -1.000	0.000 0.000 0.000 1.000
v300	1.021 0.875 0.559	0.000 -1.000 0.000	0.380 0.380 0.380 1.000
v301	1.844 0.875 0.559	0.000 -1.000 0.000	0.380 0.380 0.380 1.000
v302	3.934 0.664 4.148	-1.000 0.000 0.000	0.290 0.290 0.290 1.000
v303	3.934 0.812 4.148	-1.000 0.000 0.000	0.290 0.290 0.290 1.000
v304	3.934 0.812 2.496	-1.000 0.000 0.000	0.290 0.290 0.290 1.000
v305	3.934 0.664 2.496	-1.000 0.000 0.000	0.290 0.290 0.290 1.000
v306	3.211 0.664 2.496	1.000 0.000 0.000	0.290 0.290 0.290 1.000
v307	3.211 0.812 2.496	1.000 0.000 0.000	0.290 0.290 0.290 1.000
v308	3.211 0.812 4.148	1.000 0.000 0.000	0.290 0.290 0.290 1.000
v309	3.211 0.664 4.148	1.000 0.000 0.000	0.290 0.290 0.290 1.000
v310	1.018 0.665 2.786	0.003 -0.953 -0.303	0.737 0.737 0.737 1.000
v311	1.848 0.667 2.789	0.003 -0.953 -0.303	0.737 0.737 0.737 1.000
v312	1.848 0.682 2.741	0.003 -0.953 -0.303	0.737 0.737 0.737 1.000
v313	1.018 0.680 2.738	0.003 -0.953 -0.303	0.737 0.737 0.737 1.000
v314	1.018 0.634 2.814	0.003 -0.953 -0.303	0.737 0.737 0.737 1.000
v315	1.848 0.636 2.817	0.003 -0.953 -0.303	0.737 0.737 0.737 1.000
v316	1.848 0.652 2.769	0.003 -0.953 -0.303	0.737 0.737 0.737 1.000
v317	1.018 0.650 2.766	0.003 -0.953 -0.303	0.737 0.737 0.737 1.000
v318	1.018 0.757 2.695	0.003 -0.953 -0.303	0.737 0.737 0.737 1.000
v319	1.848 0.759 2.697	0.003 -0.953 -0.303	0.737 0.737 0.737 1.000
v320	1.848 0.775 2.649	0.003 -0.953 -0.303	0.737 0.737 0.737 1.000
v321	1.018 0.773 2.647	0.003 -0.953 -0.303	0.737 0.737 0.737 1.000
v322	1.018 0.696 2.752	0.003 -0.953 -0.303	0.737 0.737 0.737 1.000
v323	1.848 0.698 2.755	0.003 -0.953 -0.303	0.737 0.737 0.737 1.000
v324	1.848 0.713 2.706	0.003 -0.953 -0.303	0.737 0.737 0.737 1.000
v325	1.018 0.711 2.704	0.003 -0.953 -0.303	0.737 0.737 0.737 1.000
v326	1.018 0.727 2.723	0.003 -0.953 -0.303	0.737 0.737 0.737 1.000
v327	1.848 0.729 2.726	0.003 -0.953 -0.303	0.737 0.737 0.737 1.000
v328	1.848 0.744 2.677	0.003 -0.953 -0.303	0.737 0.737 0.737 1.000
v329	1.018 0.742 2.675	0.003 -0.953 -0.303	0.737 0.737 0.737 1.000
v330	1.018 0.850 2.609	0.003 -0.953 -0.303	0.737 0.737 0.737 1.000
v331	1.848 0.851 2.611	0.003 -0.953 -0.303	0.737 0.737 0.737 1.000
v332	1.848 0.867 2.563	0.003 -0.953 -0.303	0.737 0.737 0.737 1.000
v333	1.018 0.865 2.560	0.003 -0.953 -0.303	0.737 0.737 0.737 1.000
v334	1.018 0.788 2.666	0.003 -0.953 -0.303	0.737 0.737 0.737 1.000
v335	1.848 0.790 2.668	0.003 -0.953 -0.303	0.737 0.737 0.737 1.000
v336	1.848 0.805 2.620	0.003 -0.953 -0.303	0.737 0.737 0.737 1.000
v337	1.018 0.804 2.618	0.003 -0.953 -0.303	0.737 0.737 0.737 1.000
v338	1.018 0.819 2.637	0.003 -0.953 -0.303	0.737 0.737 0.737 1.000
v339	1.848 0.821 2.639	0.003 -0.953 -0.303	0.737 0.737 0.737 1.000
v340	1.848 0.836 2.591	0.003 -0.953 -0.303	0.737 0.737 0.737 1.000
v341	1.018 0.834 2.589	0.003 -0.953 -0.303	0.737 0.737 0.737 1.000
v342	3.999 0.665 0.276	-0.003 -0.953 0.303	0.737 0.737 0.737 1.000
v343	3.169 0.667 0.273	-0.003 -0.953 0.303	0.737 0.737 0.737 1.000
v344	3.169 0.682 0.321	-0.003 -0.953 0.303	0.737 0.737 0.737 1.000
v345	3.999 0.680 0.324	-0.003 -0.953 0.303	0.737 0.737 0.737 1.000
v346	3.999 0.634 0.247	-0.003 -0.953 0.303	0.737 0.737 0.737 1.000
v347	3.169 0.636 0.245	-0.003 -0.953 0.303	0.737 0.737 0.737 1.000
v348	3.169 0.652 0.293	-0.003 -0.953 0.303	0.737 0.737 0.737 1.000
v349	3.999 0.650 0.295	-0.003 -0.953 0.303	0.737 0.737 0.737 1.000
v350	3.999 0.757 0.367	-0.003 -0.953 0.303	0.737 0.737 0.737 1.000
v351	3.169 0.759 0.364	-0.003 -0.953 0.303	0.737 0.737 0.737 1.000
v352	3.169 0.775 0.413	-0.003 -0.953 0.303	0.737 0.737 0.737 1.000
v353	3.999 0.773 0.415	-0.003 -0.953 0.303	0.737 0.737 0.737 1.000
v354	3.999 0.696 0.310	-0.003 -0.953 0.303	0.737 0.737 0.737 1.000
v355	3.169 0.698 0.307	-0.003 -0.953 0.303	0.737 0.737 0.737 1.000
v356	3.169 0.713 0.355	-0.003 -0.953 0.303	0.737 0.737 0.737 1.000
v357	3.999 0.711 0.358	-0.003 -0.953 0.303	0.737 0.737 0.737 1.000
v358	3.999 0.727 0.339	-0.003 -0.953 0.303	0.737 0.737 0.737 1.000
v359	3.169 0.729 0.336	-0.003 -0.953 0.303	0.737 0.737 0.737 1.000
v360	3.169 0.744 0.384	-0.003 -0.953 0.303	0.737 0.737 0.737 1.000
v361	3.999 0.742 0.387	-0.003 -0.953 0.303	0.737 0.737 0.737 1.000
v362	3.999 0.850 0.453	-0.003 -0.953 0.303	0.737 0.737 0.737 1.000
v363	3.169 0.851 0.451	-0.003 -0.953 0.303	0.737 0.737 0.737 1.000
v364	3.169 0.867 0.499	-0.003 -0.953 0.303	0.737 0.737 0.737 1.000
v365	3.999 0.865 0.501	-0.003 -0.953 0.303	0.737 0.737 0.737 1.000
v366	3.999 0.788 0.396	-0.003 -0.953 0.303	0.737 0.737 0.737 1.000
v367	3.169 0.790 0.394	-0.003 -0.953 0.303	0.737 0.737 0.737 1.000
v368	3.169 0.805 0.442	-0.003 -0.953 0.303	0.737 0.737 0.737 1.000
v369	3.999 0.804 0.444	-0.003 -0.953 0.303	0.737 0.737 0.737 1.000
v370	3.999 0.819 0.425	-0.003 -0.953 0.303	0.737 0.737 0.737 1.000
v371	3.169 0.821 0.423	-0.003 -0.953 0.303	0.737 0.737 0.737 1.000
v372	3.169 0.836 0.471	-0.003 -0.953 0.303	0.737 0.737 0.737 1.000
v373	3.999 0.834 0.473	-0.003 -0.953 0.303	0.737 0.737 0.737 1.000
v374	1.848 0.665 0.276	-0.003 -0.953 0.303	0.737 0.737 0.737 1.000
v375	1.018 0.667 0.273	-0.003 -0.953 0.303	0.737 0.737 0.737 1.000
v376	1.018 0.682 0.321	-0.003 -0.953 0.303	0.737 0.737 0.737 1.000
v377	1.848 0.680 0.324	-0.003 -0.953 0.303	0.737 0.737 0.737 1.000
v378	1.848 0.634 0.247	-0.003 -0.953 0.303	0.737 0.737 0.737 1.000
v379	1.018 0.636 0.245	-0.003 -0.953 0.303	0.737 0.737 0.737 1.000
v380	1.018 0.652 0.293	-0.003 -0.953 0.303	0.737 0.737 0.737 1.000
v381	1.848 0.650 0.295	-0.003 -0.953 0.303	0.737 0.737 0.737 1.000
v382	1.848 0.757 0.367	-0.003 -0.953 0.303	0.737 0.737 0.737 1.000
v383	1.018 0.759 0.364	-0.003 -0.953 0.303	0.737 0.737 0.737 1.000
v384	1.018 0.775 0.413	-0.003 -0.953 0.303	0.737 0.737 0.737 1.000
v385	1.848 0.773 0.415	-0.003 -0.953 0.303	0.737 0.737 0.737 1.000
v386	1.848 0.696 0.310	-0.003 -0.953 0.303	0.737 0.737 0.737 1.000
v387	1.018 0.698 0.307	-0.003 -0.953 0.303	0.737 0.737 0.737 1.000
v388	1.018 0.713 0.355	-0.003 -0.953 0.303	0.737 0.737 0.737 1.000
v389	1.848 0.711 0.358	-0.003 -0.953 0.303	0.737 0.737 0.737 1.000
v390	1.848 0.727 0.339	-0.003 -0.953 0.303	0.737 0.737 0.737 1.000
v391	1.018 0.729 0.336	-0.003 -0.953 0.303	0.737 0.737 0.737 1.000
v392	1.018 0.744 0.384	-0.003 -0.953 0.303	0.737 0.737 0.737 1.000
v393	1.848 0.742 0.387	-0.003 -0.953 0.303	0.737 0.737 0.737 1.000
v394	1.848 0.850 0.453	-0.003 -0.953 0.303	0.737 0.737 0.737 1.000
v395	1.018 0.851 0.451	-0.003 -0.953 0.303	0.737 0.737 0.737 1.000
v396	1.018 0.867 0.499	-0.003 -0.953 0.303	0.737 0.737 0.737 1.000
v397	1.848 0.865 0.501	-0.003 -0.953 0.303	0.737 0.737 0.737 1.000
v398	1.848 0.788 0.396	-0.003 -0.953 0.303	0.737 0.737 0.737 1.000
v399	1.018 0.790 0.394	-0.003 -0.953 0.303	0.737 0.737 0.737 1.000
v400	1.018 0.805 0.442	-0.003 -0.953 0.303	0.737 0.737 0.737 1.000
v401	1.848 0.804 0.444	-0.003 -0.953 0.303	0.737 0.737 0.737 1.000
v402	1.848 0.819 0.425	-0.003 -0.953 0.303	0.737 0.737 0.737 1.000
v403	1.018 0.821 0.423	-0.003 -0.953 0.303	0.737 0.737 0.737 1.000
v404	1.018 0.836 0.471	-0.003 -0.953 0.303	0.737 0.737 0.737 1.000
v405	1.848 0.834 0.473	-0.003 -0.953 0.303	0.737 0.737 0.737 1.000
v406	0.288 0.667 0.856	0.081 -0.997 0.002	0.737 0.737 0.737 1.000
v407	0.286 0.669 2.182	0.081 -0.997 0.002	0.737 0.737 0.737 1.000
v408	0.336 0.673 2.182	0.081 -0.997 0.002	0.737 0.737 0.737 1.000
v409	0.338 0.671 0.856	0.081 -0.997 0.002	0.737 0.737 0.737 1.000
v410	0.254 0.643 0.856	0.081 -0.997 0.002	0.737 0.737 0.737 1.000
v411	0.252 0.646 2.182	0.081 -0.997 0.002	0.737 0.737 0.737 1.000
v412	0.302 0.650 2.182	0.081 -0.997 0.002	0.737 0.737 0.737 1.000
v413	0.304 0.648 0.856	0.081 -0.997 0.002	0.737 0.737 0.737 1.000
v414	0.360 0.715 0.856	0.081 -0.997 0.002	0.737 0.737 0.737 1.000
v415	0.358 0.718 2.182	0.081 -0.997 0.002	0.737 0.737 0.737 1.000
v416	0.408 0.722 2.182	0.081 -0.997 0.002	0.737 0.737 0.737 1.000
v417	0.410 0.720 0.856	0.081 -0.997 0.002	0.737 0.737 0.737 1.000
v418	0.326 0.692 0.856	0.081 -0.997 0.002	0.737 0.737 0.737 1.000
v419	0.324 0.695 2.182	0.081 -0.997 0.002	0.737 0.737 0.737 1.000
v420	0.374 0.699 2.182	0.081 -0.997 0.002	0.737 0.737 0.737 1.000
v421	0.376 0.696 0.856	0.081 -0.997 0.002	0.737 0.737 0.737 1.000
v422	0.470 0.785 0.856	0.081 -0.997 0.002	0.737 0.737 0.737 1.000
v423	0.468 0.788 2.182	0.081 -0.997 0.002	0.737 0.737 0.737 1.000
v424	0.518 0.792 2.182	0.081 -0.997 0.002	0.737 0.737 0.737 1.000
v425	0.520 0.789 0.856	0.081 -0.997 0.002	0.737 0.737 0.737 1.000
v426	0.400 0.738 0.856	0.081 -0.997 0.002	0.737 0.737 0.737 1.000
v427	0.398 0.741 2.182	0.081 -0.997 0.002	0.737 0.737 0.737 1.000
v428	0.449 0.745 2.182	0.081 -0.997 0.002	0.737 0.737 0.737 1.000
v429	0.450 0.742 0.856	0.081 -0.997 0.002	0.737 0.737 0.737 1.000
v430	0.435 0.762 0.856	0.081 -0.997 0.002	0.737 0.737 0.737 1.000
v431	0.434 0.764 2.182	0.081 -0.997 0.002	0.737 0.737 0.737 1.000
v432	0.484 0.768 2.182	0.081 -0.997 0.002	0.737 0.737 0.737 1.000
v433	0.486 0.766 0.856	0.081 -0.997 0.002	0.737 0.737 0.737 1.000
v434	0.575 0.856 0.856	0.081 -0.997 0.002	0.737 0.737 0.737 1.000
v435	0.573 0.858 2.182	0.081 -0.997 0.002	0.737 0.737 0.737 1.000
v436	0.623 0.862 2.182	0.081 -0.997 0.002	0.737 0.737 0.737 1.000
v437	0.625 0.860 0.856	0.081 -0.997 0.002	0.737 0.737 0.737 1.000
v438	0.505 0.809 0.856	0.081 -0.997 0.002	0.737 0.737 0.737 1.000
v439	0.503 0.811 2.182	0.081 -0.997 0.002	0.737 0.737 0.737 1.000
v440	0.554 0.815 2.182	0.081 -0.997 0.002	0.737 0.737 0.737 1.000
v441	0.555 0.813 0.856	0.081 -0.997 0.002	0.737 0.737 0.737 1.000
v442	0.540 0.832 0.856	0.081 -0.997 0.002	0.737 0.737 0.737 1.000
v443	0.539 0.835 2.182	0.081 -0.997 0.002	0.737 0.737 0.737 1.000
v444	0.589 0.839 2.182	0.081 -0.997 0.002	0.737 0.737 0.737 1.000
v445	0.591 0.836 0.856	0.081 -0.997 0.002	0.737 0.737 0.737 1.000
v446	2.943 0.002 3.254	-0.042 -0.999 0.000	0.145 0.145 0.145 1.000
v447	3.032 -0.001 3.223	-0.014 -1.000 0.000	0.145 0.145 0.145 1.000
v448	2.943 0.002 3.254	-1.000 0.000 0.000	0.145 0.145 0.145 1.000
v449	2.943 0.010 3.254	-1.000 0.000 0.000	0.145 0.145 0.145 1.000
v450	2.943 0.002 3.761	-1.000 0.000 0.000	0.145 0.145 0.145 1.000
v451	2.943 0.010 3.254	-0.291 0.957 0.000	0.145 0.145 0.145 1.000
v452	2.943 0.010 3.761	-0.291 0.957 0.000	0.145 0.145 0.145 1.000
v453	3.032 0.037 3.223	-0.147 0.989 0.000	0.145 0.145 0.145 1.000
v454	3.032 -0.001 3.793	-0.227 0.000 0.974	0.145 0.145 0.145 1.000
v455	2.943 0.002 3.761	-0.336 0.000 0.942	0.145 0.145 0.145 1.000
v456	2.943 0.010 3.761	-0.336 0.000 0.942	0.145 0.145 0.145 1.000
v457	3.032 0.037 3.793	-0.113 0.000 0.994	0.145 0.145 0.145 1.000
v458	4.189 -0.002 3.759	0.309 0.000 0.951	0.145 0.145 0.145 1.000
v459	4.189 0.008 3.759	0.309 0.000 0.951	0.145 0.145 0.145 1.000
v460	4.189 0.008 3.254	0.269 0.963 0.000	0.145 0.145 0.145 1.000
v461	4.189 0.008 3.759	0.269 0.963 0.000	0.145 0.145 0.145 1.000
v462	4.085 0.037 3.793	0.181 0.984 0.000	0.145 0.145 0.145 1.000
v463	4.189 0.008 3.254	0.291 0.000 -0.957	0.145 0.145 0.145 1.000
v464	4.085 0.037 3.223	0.098 0.000 -0.995	0.145 0.145 0.145 1.000
v465	4.189 -0.002 3.254	0.291 0.000 -0.957	0.145 0.145 0.145 1.000
v466	4.189 -0.002 3.254	-0.006 -1.000 0.000	0.145 0.145 0.145 1.000
v467	4.085 -0.001 3.793	-0.003 -1.000 0.000	0.145 0.145 0.145 1.000
v468	4.189 -0.002 3.759	-0.006 -1.000 0.000	0.145 0.145 0.145 1.000
v469	4.085 -0.001 3.223	-0.003 -1.000 0.000	0.145 0.145 0.145 1.000
v470	4.085 0.037 3.223	0.098 0.000 -0.995	0.698 0.698 0.698 1.000
v471	3.032 0.037 3.223	-0.227 0.000 -0.974	0.698 0.698 0.698 1.000
v472	3.032 -0.001 3.223	-0.113 0.000 -0.994	0.698 0.698 0.698 1.000
v473	4.085 -0.001 3.223	0.196 0.000 -0.981	0.698 0.698 0.698 1.000
v474	4.085 0.037 3.223	0.090 0.996 0.000	0.145 0.145 0.145 1.000
v475	4.085 0.037 3.793	0.181 0.984 0.000	0.145 0.145 0.145 1.000
v476	3.032 0.037 3.793	-0.147 0.989 0.000	0.145 0.145 0.145 1.000
v477	3.032 0.037 3.223	-0.147 0.989 0.000	0.145 0.145 0.145 1.000
v478	4.085 -0.001 3.793	0.104 0.000 0.995	0.698 0.698 0.698 1.000
v479	3.032 -0.001 3.793	-0.227 0.000 0.974	0.698 0.698 0.698 1.000
v480	3.032 0.037 3.793	-0.113 0.000 0.994	0.698 0.698 0.698 1.000
v481	4.085 0.037 3.793	0.208 0.000 0.978	0.698 0.698 0.698 1.000
v482	3.032 -0.001 3.223	-0.014 -1.000 0.000	0.145 0.145 0.145 1.000
v483	3.032 -0.001 3.793	-0.028 -1.000 0.000	0.145 0.145 0.145 1.000
v484	4.085 -0.001 3.793	-0.003 -1.000 0.000	0.145 0.145 0.145 1.000
v485	4.085 -0.001 3.223	-0.003 -1.000 0.000	0.145 0.145 0.145 1.000
v486	3.286 0.531 4.812	-0.070 -0.138 0.988	1.000 1.000 1.000 1.000
v487	3.857 0.531 4.812	0.070 -0.138 0.988	1.000 1.000 1.000 1.000
v488	3.857 0.531 4.812	0.993 0.000 0.120	1.000 1.000 1.000 1.000
v489	3.857 0.812 4.812	0.993 0.000 0.120	1.000 1.000 1.000 1.000
v490	3.930 0.945 4.208	0.998 0.000 0.060	1.000 1.000 1.000 1.000
v491	3.930 0.530 4.208	0.998 0.000 0.060	1.000 1.000 1.000 1.000
v492	3.930 0.945 4.208	0.998 0.000 0.060	1.000 1.000 1.000 1.000
v493	3.930 0.530 4.208	0.998 0.000 0.060	1.000 1.000 1.000 1.000
v494	3.212 0.945 4.208	-0.998 0.000 0.060	1.000 1.000 1.000 1.000
v495	3.212 0.530 4.208	-0.998 0.000 0.060	1.000 1.000 1.000 1.000
v496	3.212 0.945 2.439	-0.129 0.992 0.000	0.145 0.145 0.145 1.000
v497	3.212 0.945 4.208	-0.043 0.996 0.081	0.145 0.145 0.145 1.000
v498	3.930 0.945 2.439	0.000 -0.020 -1.000	1.000 1.000 1.000 1.000
v499	3.212 0.945 2.439	0.000 -0.030 -1.000	1.000 1.000 1.000 1.000
v500	3.212 0.530 2.439	0.000 0.000 -1.000	1.000 1.000 1.000 1.000
v501	3.930 0.530 2.439	0.000 0.000 -1.000	1.000 1.000 1.000 1.000
v502	3.212 0.530 2.439	0.000 -1.000 0.000	1.000 1.000 1.000 1.000
v503	3.212 0.530 4.208	0.000 -1.000 0.001	1.000 1.000 1.000 1.000
v504	3.930 0.530 4.208	0.000 -1.000 0.001	1.000 1.000 1.000 1.000
v505	3.930 0.530 2.439	0.000 -1.000 0.000	1.000 1.000 1.000 1.000
v506	3.286 0.531 4.812	-0.993 0.000 0.120	1.000 1.000 1.000 1.000
v507	3.212 0.945 4.208	-0.998 0.000 0.060	1.000 1.000 1.000 1.000
v508	3.286 0.812 4.812	-0.993 0.000 0.120	1.000 1.000 1.000 1.000
v509	3.571 0.671 4.851	0.000 0.000 1.000	0.145 0.145 0.145 1.000
v510	3.857 0.812 4.812	0.070 0.138 0.988	1.000 1.000 1.000 1.000
v511	3.857 0.531 4.812	0.070 -0.138 0.988	1.000 1.000 1.000 1.000
v512	3.571 0.671 4.851	0.000 0.000 1.000	0.145 0.145 0.145 1.000
v513	3.286 0.812 4.812	-0.070 0.138 0.988	1.000 1.000 1.000 1.000
v514	3.571 0.671 4.851	0.000 0.000 1.000	0.145 0.145 0.145 1.000
v515	3.571 0.992 2.436	0.000 1.000 0.009	0.290 0.290 0.290 1.000
v516	3.571 0.992 2.436	0.000 1.000 0.009	0.145 0.145 0.145 1.000
v517	3.930 0.945 2.439	0.129 0.992 0.000	0.145 0.145 0.145 1.000
v518	3.930 0.945 4.208	0.032 0.993 0.116	0.145 0.145 0.145 1.000
v519	3.571 0.992 2.436	0.000 -0.061 -0.998	1.000 1.000 1.000 1.000
v520	3.406 1.052 0.975	-0.090 0.984 -0.155	0.224 0.224 0.224 1.000
v521	3.386 1.040 0.939	-0.135 0.963 -0.231	0.224 0.224 0.224 1.000
v522	3.592 1.052 1.084	0.090 0.996 0.000	0.224 0.224 0.224 1.000
v523	3.530 1.052 1.192	0.109 0.977 0.186	0.224 0.224 0.224 1.000
v524	3.406 1.052 1.192	-0.068 0.991 0.116	0.224 0.224 0.224 1.000
v525	3.344 1.052 1.084	-0.163 0.986 0.031	0.224 0.224 0.224 1.000
v526	3.406 1.052 0.975	-0.090 0.984 -0.155	0.224 0.224 0.224 1.000
v527	3.530 1.052 0.975	0.136 0.979 -0.155	0.224 0.224 0.224 1.000
v528	3.386 0.995 0.939	-0.869 0.000 -0.495	0.224 0.224 0.224 1.000
v529	3.386 1.040 0.939	-0.869 0.000 -0.495	0.224 0.224 0.224 1.000
v530	3.303 1.040 1.084	-0.869 0.000 -0.495	0.224 0.224 0.224 1.000
v531	3.303 0.995 1.084	-0.869 0.000 -0.495	0.224 0.224 0.224 1.000
v532	3.303 0.995 1.084	-0.869 0.000 0.495	0.224 0.224 0.224 1.000
v533	3.303 1.040 1.084	-0.869 0.000 0.495	0.224 0.224 0.224 1.000
v534	3.386 1.040 1.229	-0.869 0.000 0.495	0.224 0.224 0.224 1.000
v535	3.386 0.995 1.229	-0.869 0.000 0.495	0.224 0.224 0.224 1.000
v536	3.551 0.995 1.229	0.000 0.000 1.000	0.224 0.224 0.224 1.000
v537	3.386 0.995 1.229	0.000 0.000 1.000	0.224 0.224 0.224 1.000
v538	3.386 1.040 1.229	0.000 0.000 1.000	0.224 0.224 0.224 1.000
v539	3.551 1.040 1.229	0.000 0.000 1.000	0.224 0.224 0.224 1.000
v540	3.551 0.995 1.229	0.869 0.000 0.495	0.224 0.224 0.224 1.000
v541	3.551 1.040 1.229	0.869 0.000 0.495	0.224 0.224 0.224 1.000
v542	3.633 1.040 1.084	0.869 0.000 0.495	0.224 0.224 0.224 1.000
v543	3.633 0.995 1.084	0.869 0.000 0.495	0.224 0.224 0.224 1.000
v544	3.633 0.995 1.084	0.869 0.000 -0.495	0.224 0.224 0.224 1.000
v545	3.633 1.040 1.084	0.869 0.000 -0.495	0.224 0.224 0.224 1.000
v546	3.551 1.040 0.939	0.869 0.000 -0.495	0.224 0.224 0.224 1.000
v547	3.551 0.995 0.939	0.869 0.000 -0.495	0.224 0.224 0.224 1.000
v548	3.551 1.040 0.939	0.000 0.000 -1.000	0.224 0.224 0.224 1.000
v549	3.386 1.040 0.939	0.000 0.000 -1.000	0.224 0.224 0.224 1.000
v550	3.386 0.995 0.939	0.000 0.000 -1.000	0.224 0.224 0.224 1.000
v551	3.551 0.995 0.939	0.000 0.000 -1.000	0.224 0.224 0.224 1.000
v552	3.754 1.052 1.349	-0.109 0.977 -0.186	0.224 0.224 0.224 1.000
v553	3.733 1.040 1.312	-0.135 0.963 -0.231	0.224 0.224 0.224 1.000
v554	3.940 1.052 1.457	0.108 0.994 0.000	0.224 0.224 0.224 1.000
v555	3.878 1.052 1.566	0.109 0.977 0.186	0.224 0.224 0.224 1.000
v556	3.754 1.052 1.566	-0.068 0.991 0.116	0.224 0.224 0.224 1.000
v557	3.692 1.052 1.457	-0.136 0.990 0.026	0.224 0.224 0.224 1.000
v558	3.878 1.052 1.349	0.109 0.986 -0.124	0.224 0.224 0.224 1.000
v559	3.754 1.052 1.349	-0.109 0.977 -0.186	0.224 0.224 0.224 1.000
v560	3.733 0.995 1.312	-0.869 0.000 -0.495	0.224 0.224 0.224 1.000
v561	3.733 1.040 1.312	-0.869 0.000 -0.495	0.224 0.224 0.224 1.000
v562	3.650 1.040 1.457	-0.869 0.000 -0.495	0.224 0.224 0.224 1.000
v563	3.650 0.995 1.457	-0.869 0.000 -0.495	0.224 0.224 0.224 1.000
v564	3.650 0.995 1.457	-0.869 0.000 0.495	0.224 0.224 0.224 1.000
v565	3.650 1.040 1.457	-0.869 0.000 0.495	0.224 0.224 0.224 1.000
v566	3.733 1.040 1.602	-0.869 0.000 0.495	0.224 0.224 0.224 1.000
v567	3.733 0.995 1.602	-0.869 0.000 0.495	0.224 0.224 0.224 1.000
v568	3.898 0.995 1.602	0.000 0.000 1.000	0.224 0.224 0.224 1.000
v569	3.733 0.995 1.602	0.000 0.000 1.000	0.224 0.224 0.224 1.000
v570	3.733 1.040 1.602	0.000 0.000 1.000	0.224 0.224 0.224 1.000
v571	3.898 1.040 1.602	0.000 0.000 1.000	0.224 0.224 0.224 1.000
v572	3.898 0.995 1.602	0.869 0.000 0.495	0.224 0.224 0.224 1.000
v573	3.898 1.040 1.602	0.869 0.000 0.495	0.224 0.224 0.224 1.000
v574	3.981 1.040 1.457	0.869 0.000 0.495	0.224 0.224 0.224 1.000
v575	3.981 0.995 1.457	0.869 0.000 0.495	0.224 0.224 0.224 1.000
v576	3.981 0.995 1.457	0.869 0.000 -0.495	0.224 0.224 0.224 1.000
v577	3.981 1.040 1.457	0.869 0.000 -0.495	0.224 0.224 0.224 1.000
v578	3.898 1.040 1.312	0.869 0.000 -0.495	0.224 0.224 0.224 1.000
v579	3.898 0.995 1.312	0.869 0.000 -0.495	0.224 0.224 0.224 1.000
v580	3.898 1.040 1.312	0.000 0.000 -1.000	0.224 0.224 0.224 1.000
v581	3.733 1.040 1.312	0.000 0.000 -1.000	0.224 0.224 0.224 1.000
v582	3.733 0.995 1.312	0.000 0.000 -1.000	0.224 0.224 0.224 1.000
v583	3.898 0.995 1.312	0.000 0.000 -1.000	0.224 0.224 0.224 1.000
v584	3.812 1.052 0.844	-0.090 0.984 -0.155	0.224 0.224 0.224 1.000
v585	3.791 1.040 0.808	-0.135 0.963 -0.231	0.224 0.224 0.224 1.000
v586	3.998 1.052 0.953	0.090 0.996 0.000	0.224 0.224 0.224 1.000
v587	3.936 1.052 1.062	0.109 0.977 0.186	0.224 0.224 0.224 1.000
v588	3.812 1.052 1.062	-0.068 0.991 0.116	0.224 0.224 0.224 1.000
v589	3.750 1.052 0.953	-0.163 0.986 0.031	0.224 0.224 0.224 1.000
v590	3.812 1.052 0.844	-0.090 0.984 -0.155	0.224 0.224 0.224 1.000
v591	3.936 1.052 0.844	0.136 0.979 -0.155	0.224 0.224 0.224 1.000
v592	3.791 0.995 0.808	-0.869 0.000 -0.495	0.224 0.224 0.224 1.000
v593	3.791 1.040 0.808	-0.869 0.000 -0.495	0.224 0.224 0.224 1.000
v594	3.709 1.040 0.953	-0.869 0.000 -0.495	0.224 0.224 0.224 1.000
v595	3.709 0.995 0.953	-0.869 0.000 -0.495	0.224 0.224 0.224 1.000
v596	3.709 0.995 0.953	-0.869 0.000 0.495	0.224 0.224 0.224 1.000
v597	3.709 1.040 0.953	-0.869 0.000 0.495	0.224 0.224 0.224 1.000
v598	3.791 1.040 1.098	-0.869 0.000 0.495	0.224 0.224 0.224 1.000
v599	3.791 0.995 1.098	-0.869 0.000 0.495	0.224 0.224 0.224 1.000
v600	3.957 0.995 1.098	0.000 0.000 1.000	0.224 0.224 0.224 1.000
v601	3.791 0.995 1.098	0.000 0.000 1.000	0.224 0.224 0.224 1.000
v602	3.791 1.040 1.098	0.000 0.000 1.000	0.224 0.224 0.224 1.000
v603	3.957 1.040 1.098	0.000 0.000 1.000	0.224 0.224 0.224 1.000
v604	3.957 0.995 1.098	0.869 0.000 0.495	0.224 0.224 0.224 1.000
v605	3.957 1.040 1.098	0.869 0.000 0.495	0.224 0.224 0.224 1.000
v606	4.039 1.040 0.953	0.869 0.000 0.495	0.224 0.224 0.224 1.000
v607	4.039 0.995 0.953	0.869 0.000 0.495	0.224 0.224 0.224 1.000
v608	4.039 0.995 0.953	0.869 0.000 -0.495	0.224 0.224 0.224 1.000
v609	4.039 1.040 0.953	0.869 0.000 -0.495	0.224 0.224 0.224 1.000
v610	3.957 1.040 0.808	0.869 0.000 -0.495	0.224 0.224 0.224 1.000
v611	3.957 0.995 0.808	0.869 0.000 -0.495	0.224 0.224 0.224 1.000
v612	3.957 1.040 0.808	0.000 0.000 -1.000	0.224 0.224 0.224 1.000
v613	3.791 1.040 0.808	0.000 0.000 -1.000	0.224 0.224 0.224 1.000
v614	3.791 0.995 0.808	0.000 0.000 -1.000	0.224 0.224 0.224 1.000
v615	3.957 0.995 0.808	0.000 0.000 -1.000	0.224 0.224 0.224 1.000
v616	3.813 1.271 0.934	0.000 0.087 0.996	0.224 0.224 0.224 1.000
v617	3.819 1.332 0.923	0.000 0.174 0.985	0.224 0.224 0.224 1.000
v618	3.863 1.271 0.934	0.858 0.117 0.499	0.224 0.224 0.224 1.000
v619	3.857 1.332 0.923	0.851 0.175 0.495	0.224 0.224 0.224 1.000
v620	3.889 1.271 0.891	0.858 0.117 -0.499	0.224 0.224 0.224 1.000
v621	3.876 1.332 0.891	0.851 0.175 -0.495	0.224 0.224 0.224 1.000
v622	3.857 1.332 0.858	0.000 0.174 -0.985	0.224 0.224 0.224 1.000
v623	3.863 1.271 0.847	0.000 0.058 -0.998	0.224 0.224 0.224 1.000
v624	3.813 1.271 0.847	-0.858 0.117 -0.499	0.224 0.224 0.224 1.000
v625	3.819 1.332 0.858	-0.851 0.175 -0.495	0.224 0.224 0.224 1.000
v626	3.800 1.332 0.891	-0.851 0.175 -0.495	0.224 0.224 0.224 1.000
v627	3.788 1.271 0.891	-0.863 0.059 -0.502	0.224 0.224 0.224 1.000
v628	3.876 1.332 0.891	0.000 1.000 0.000	0.224 0.224 0.224 1.000
v629	3.857 1.332 0.923	0.000 1.000 0.000	0.224 0.224 0.224 1.000
v630	3.819 1.332 0.923	0.000 1.000 0.000	0.224 0.224 0.224 1.000
v631	3.800 1.332 0.891	0.000 1.000 0.000	0.224 0.224 0.224 1.000
v632	3.857 1.332 0.858	0.000 1.000 0.000	0.224 0.224 0.224 1.000
v633	3.819 1.332 0.858	0.000 1.000 0.000	0.224 0.224 0.224 1.000
v634	3.813 1.033 0.847	-0.864 0.000 -0.503	0.224 0.224 0.224 1.000
v635	3.813 1.271 0.847	-0.858 0.117 -0.499	0.224 0.224 0.224 1.000
v636	3.788 1.271 0.891	-0.863 0.059 -0.502	0.224 0.224 0.224 1.000
v637	3.788 1.033 0.891	-0.864 0.000 -0.503	0.224 0.224 0.224 1.000
v638	3.788 1.033 0.891	-0.864 0.000 0.503	0.224 0.224 0.224 1.000
v639	3.788 1.271 0.891	-0.858 0.117 0.499	0.224 0.224 0.224 1.000
v640	3.813 1.271 0.934	-0.863 0.059 0.502	0.224 0.224 0.224 1.000
v641	3.813 1.033 0.934	-0.864 0.000 0.503	0.224 0.224 0.224 1.000
v642	3.863 1.033 0.934	0.000 0.000 1.000	0.224 0.224 0.224 1.000
v643	3.813 1.033 0.934	0.000 0.000 1.000	0.224 0.224 0.224 1.000
v644	3.813 1.271 0.934	0.000 0.087 0.996	0.224 0.224 0.224 1.000
v645	3.863 1.271 0.934	0.000 0.087 0.996	0.224 0.224 0.224 1.000
v646	3.863 1.033 0.934	0.864 0.000 0.503	0.224 0.224 0.224 1.000
v647	3.863 1.271 0.934	0.858 0.117 0.499	0.224 0.224 0.224 1.000
v648	3.889 1.271 0.891	0.863 0.059 0.502	0.224 0.224 0.224 1.000
v649	3.889 1.033 0.891	0.864 0.000 0.503	0.224 0.224 0.224 1.000
v650	3.889 1.033 0.891	0.864 0.000 -0.503	0.224 0.224 0.224 1.000
v651	3.889 1.271 0.891	0.858 0.117 -0.499	0.224 0.224 0.224 1.000
v652	3.863 1.271 0.847	0.863 0.059 -0.502	0.224 0.224 0.224 1.000
v653	3.863 1.033 0.847	0.864 0.000 -0.503	0.224 0.224 0.224 1.000
v654	3.863 1.271 0.847	0.000 0.058 -0.998	0.224 0.224 0.224 1.000
v655	3.813 1.271 0.847	0.000 0.117 -0.993	0.224 0.224 0.224 1.000
v656	3.813 1.033 0.847	0.000 0.000 -1.000	0.224 0.224 0.224 1.000
v657	3.863 1.033 0.847	0.000 0.000 -1.000	0.224 0.224 0.224 1.000
v658	3.832 1.045 0.901	0.000 0.000 1.000	1.000 1.000 1.000 1.000
v659	3.832 1.921 0.901	0.000 0.000 1.000	1.000 1.000 1.000 1.000
v660	3.843 1.045 0.901	0.895 0.000 0.445	1.000 1.000 1.000 1.000
v661	3.843 1.921 0.901	0.895 0.000 0.445	1.000 1.000 1.000 1.000
v662	3.849 1.045 0.890	0.895 0.000 -0.445	1.000 1.000 1.000 1.000
v663	3.849 1.921 0.890	0.895 0.000 -0.445	1.000 1.000 1.000 1.000
v664	3.843 1.921 0.879	0.000 0.000 -1.000	1.000 1.000 1.000 1.000
v665	3.843 1.045 0.879	0.000 0.000 -1.000	1.000 1.000 1.000 1.000
v666	3.832 1.045 0.879	-0.895 0.000 -0.445	1.000 1.000 1.000 1.000
v667	3.832 1.921 0.879	-0.895 0.000 -0.445	1.000 1.000 1.000 1.000
v668	3.827 1.921 0.890	-0.895 0.000 -0.445	1.000 1.000 1.000 1.000
v669	3.827 1.045 0.890	-0.895 0.000 -0.445	1.000 1.000 1.000 1.000
v670	3.849 1.921 0.890	0.000 1.000 0.000	1.000 1.000 1.000 1.000
v671	3.843 1.921 0.901	0.000 1.000 0.000	1.000 1.000 1.000 1.000
v672	3.832 1.921 0.901	0.000 1.000 0.000	1.000 1.000 1.000 1.000
v673	3.827 1.921 0.890	0.000 1.000 0.000	1.000 1.000 1.000 1.000
v674	3.843 1.921 0.879	0.000 1.000 0.000	1.000 1.000 1.000 1.000
v675	3.832 1.921 0.879	0.000 1.000 0.000	1.000 1.000 1.000 1.000
v676	3.827 1.045 0.890	0.000 -1.000 0.000	1.000 1.000 1.000 1.000
v677	3.832 1.045 0.901	0.000 -1.000 0.000	1.000 1.000 1.000 1.000
v678	3.843 1.045 0.901	0.000 -1.000 0.000	1.000 1.000 1.000 1.000
v679	3.849 1.045 0.890	0.000 -1.000 0.000	1.000 1.000 1.000 1.000
v680	3.832 1.045 0.879	0.000 -1.000 0.000	1.000 1.000 1.000 1.000
v681	3.843 1.045 0.879	0.000 -1.000 0.000	1.000 1.000 1.000 1.000
v682	3.341 -0.005 4.772	0.000 0.000 1.000	0.290 0.290 0.290 1.000
v683	3.341 0.540 4.772	0.000 0.000 1.000	0.290 0.290 0.290 1.000
v684	3.400 -0.005 4.772	0.874 0.000 0.486	0.290 0.290 0.290 1.000
v685	3.400 0.540 4.772	0.874 0.000 0.486	0.290 0.290 0.290 1.000
v686	3.429 -0.005 4.719	0.874 0.000 -0.486	0.290 0.290 0.290 1.000
v687	3.429 0.540 4.719	0.874 0.000 -0.486	0.290 0.290 0.290 1.000
v688	3.400 0.540 4.666	0.000 0.000 -1.000	0.290 0.290 0.290 1.000
v689	3.400 -0.005 4.666	0.000 0.000 -1.000	0.290 0.290 0.290 1.000
v690	3.341 -0.005 4.666	-0.874 0.000 -0.486	0.290 0.290 0.290 1.000
v691	3.341 0.540 4.666	-0.874 0.000 -0.486	0.290 0.290 0.290 1.000
v692	3.311 0.540 4.719	-0.874 0.000 -0.486	0.290 0.290 0.290 1.000
v693	3.311 -0.005 4.719	-0.874 0.000 -0.486	0.290 0.290 0.290 1.000
v694	3.429 0.540 4.719	0.000 1.000 0.000	0.290 0.290 0.290 1.000
v695	3.400 0.540 4.772	0.000 1.000 0.000	0.290 0.290 0.290 1.000
v696	3.341 0.540 4.772	0.000 1.000 0.000	0.290 0.290 0.290 1.000
v697	3.311 0.540 4.719	0.000 1.000 0.000	0.290 0.290 0.290 1.000
v698	3.400 0.540 4.666	0.000 1.000 0.000	0.290 0.290 0.290 1.000
v699	3.341 0.540 4.666	0.000 1.000 0.000	0.290 0.290 0.290 1.000
v700	3.311 -0.005 4.719	0.000 -1.000 0.000	0.290 0.290 0.290 1.000
v701	3.341 -0.005 4.772	0.000 -1.000 0.000	0.290 0.290 0.290 1.000
v702	3.400 -0.005 4.772	0.000 -1.000 0.000	0.290 0.290 0.290 1.000
v703	3.429 -0.005 4.719	0.000 -1.000 0.000	0.290 0.290 0.290 1.000
v704	3.341 -0.005 4.666	0.000 -1.000 0.000	0.290 0.290 0.290 1.000
v705	3.400 -0.005 4.666	0.000 -1.000 0.000	0.290 0.290 0.290 1.000
v706	3.742 -0.005 4.772	0.000 0.000 1.000	0.290 0.290 0.290 1.000
v707	3.742 0.540 4.772	0.000 0.000 1.000	0.290 0.290 0.290 1.000
v708	3.801 -0.005 4.772	0.874 0.000 0.486	0.290 0.290 0.290 1.000
v709	3.801 0.540 4.772	0.874 0.000 0.486	0.290 0.290 0.290 1.000
v710	3.830 -0.005 4.719	0.874 0.000 -0.486	0.290 0.290 0.290 1.000
v711	3.830 0.540 4.719	0.874 0.000 -0.486	0.290 0.290 0.290 1.000
v712	3.801 0.540 4.666	0.000 0.000 -1.000	0.290 0.290 0.290 1.000
v713	3.801 -0.005 4.666	0.000 0.000 -1.000	0.290 0.290 0.290 1.000
v714	3.742 -0.005 4.666	-0.874 0.000 -0.486	0.290 0.290 0.290 1.000
v715	3.742 0.540 4.666	-0.874 0.000 -0.486	0.290 0.290 0.290 1.000
v716	3.712 0.540 4.719	-0.874 0.000 -0.486	0.290 0.290 0.290 1.000
v717	3.712 -0.005 4.719	-0.874 0.000 -0.486	0.290 0.290 0.290 1.000
v718	3.830 0.540 4.719	0.000 1.000 0.000	0.290 0.290 0.290 1.000
v719	3.801 0.540 4.772	0.000 1.000 0.000	0.290 0.290 0.290 1.000
v720	3.742 0.540 4.772	0.000 1.000 0.000	0.290 0.290 0.290 1.000
v721	3.712 0.540 4.719	0.000 1.000 0.000	0.290 0.290 0.290 1.000
v722	3.801 0.540 4.666	0.000 1.000 0.000	0.290 0.290 0.290 1.000
v723	3.742 0.540 4.666	0.000 1.000 0.000	0.290 0.290 0.290 1.000
v724	3.712 -0.005 4.719	0.000 -1.000 0.000	0.290 0.290 0.290 1.000
v725	3.742 -0.005 4.772	0.000 -1.000 0.000	0.290 0.290 0.290 1.000
v726	3.801 -0.005 4.772	0.000 -1.000 0.000	0.290 0.290 0.290 1.000
v727	3.830 -0.005 4.719	0.000 -1.000 0.000	0.290 0.290 0.290 1.000
v728	3.742 -0.005 4.666	0.000 -1.000 0.000	0.290 0.290 0.290 1.000
v729	3.801 -0.005 4.666	0.000 -1.000 0.000	0.290 0.290 0.290 1.000
v730	0.052 0.502 2.329	0.545 -0.839 -0.007	0.184 0.184 0.184 1.000
v731	0.052 0.502 2.449	0.545 -0.839 -0.007	0.737 0.737 0.737 1.000
v732	0.822 1.002 2.448	0.545 -0.839 -0.007	0.737 0.737 0.737 1.000
v733	0.822 1.002 2.328	0.545 -0.839 -0.007	0.184 0.184 0.184 1.000
v734	0.052 0.502 0.619	0.545 -0.839 -0.007	0.184 0.184 0.184 1.000
v735	0.052 0.502 0.739	0.545 -0.839 -0.007	0.737 0.737 0.737 1.000
v736	0.822 1.002 0.738	0.545 -0.839 -0.007	0.737 0.737 0.737 1.000
v737	0.822 1.002 0.618	0.545 -0.839 -0.007	0.184 0.184 0.184 1.000
v738	4.178 1.002 0.619	-0.545 -0.839 0.007	0.737 0.737 0.737 1.000
v739	4.178 1.002 0.739	-0.545 -0.839 0.007	0.184 0.184 0.184 1.000
v740	4.948 0.502 0.738	-0.545 -0.839 0.007	0.184 0.184 0.184 1.000
v741	4.948 0.502 0.618	-0.545 -0.839 0.007	0.737 0.737 0.737 1.000
v742	4.178 1.002 2.328	-0.545 -0.839 0.007	0.737 0.737 0.737 1.000
v743	4.178 1.002 2.448	-0.545 -0.839 0.007	0.184 0.184 0.184 1.000
v744	4.948 0.502 2.447	-0.545 -0.839 0.007	0.184 0.184 0.184 1.000
v745	4.948 0.502 2.327	-0.545 -0.839 0.007	0.737 0.737 0.737 1.000
v746	0.817 1.004 0.637	0.000 -1.000 -0.006	0.737 0.737 0.737 1.000
v747	0.817 1.003 0.761	0.000 -1.000 -0.006	0.737 0.737 0.737 1.000
v748	4.179 1.003 0.720	0.000 -1.000 -0.006	0.737 0.737 0.737 1.000
v749	4.179 1.004 0.596	0.000 -1.000 -0.006	0.737 0.737 0.737 1.000
v750	0.817 1.003 2.348	0.000 -1.000 -0.006	0.737 0.737 0.737 1.000
v751	0.817 1.002 2.472	0.000 -1.000 -0.006	0.737 0.737 0.737 1.000
v752	4.179 1.002 2.431	0.000 -1.000 -0.006	0.737 0.737 0.737 1.000
v753	4.179 1.002 2.307	0.000 -1.000 -0.006	0.737 0.737 0.737 1.000
v754	1.935 1.002 0.615	0.007 1.000 0.000	0.737 0.737 0.737 1.000
v755	2.047 1.001 2.450	0.007 1.000 0.000	0.737 0.737 0.737 1.000
v756	1.935 1.002 2.450	0.007 1.000 0.000	0.737 0.737 0.737 1.000
v757	2.047 1.001 0.615	0.007 1.000 0.000	0.737 0.737 0.737 1.000
v758	2.046 0.001 2.450	-0.004 -0.699 0.715	0.737 0.737 0.737 1.000
v759	1.935 0.001 2.449	-0.004 -0.699 0.715	0.737 0.737 0.737 1.000
v760	1.935 0.500 2.937	-0.004 -0.699 0.715	0.737 0.737 0.737 1.000
v761	2.046 0.500 2.938	-0.004 -0.699 0.715	0.737 0.737 0.737 1.000
v762	2.046 0.001 0.614	0.004 -0.699 -0.715	0.737 0.737 0.737 1.000
v763	1.935 0.501 0.126	0.004 -0.699 -0.715	0.737 0.737 0.737 1.000
v764	1.935 0.001 0.614	0.004 -0.699 -0.715	0.737 0.737 0.737 1.000
v765	2.046 0.501 0.127	0.004 -0.699 -0.715	0.737 0.737 0.737 1.000
v766	2.046 0.501 2.937	0.004 0.699 0.715	0.737 0.737 0.737 1.000
v767	1.935 0.501 2.938	0.004 0.699 0.715	0.737 0.737 0.737 1.000
v768	1.935 1.000 2.450	0.004 0.699 0.715	0.737 0.737 0.737 1.000
v769	2.046 1.000 2.449	0.004 0.699 0.715	0.737 0.737 0.737 1.000
v770	2.046 0.501 0.126	-0.004 0.699 -0.715	0.737 0.737 0.737 1.000
v771	1.935 1.000 0.614	-0.004 0.699 -0.715	0.737 0.737 0.737 1.000
v772	1.935 0.501 0.127	-0.004 0.699 -0.715	0.737 0.737 0.737 1.000
v773	2.046 1.000 0.614	-0.004 0.699 -0.715	0.737 0.737 0.737 1.000
v774	0.823 1.002 0.615	0.007 1.000 0.000	0.737 0.737 0.737 1.000
v775	0.934 1.001 2.450	0.007 1.000 0.000	0.737 0.737 0.737 1.000
v776	0.823 1.002 2.450	0.007 1.000 0.000	0.737 0.737 0.737 1.000
v777	0.935 1.001 0.615	0.007 1.000 0.000	0.737 0.737 0.737 1.000
v778	0.934 0.001 2.450	-0.004 -0.699 0.715	0.737 0.737 0.737 1.000
v779	0.823 0.001 2.449	-0.004 -0.699 0.715	0.737 0.737 0.737 1.000
v780	0.823 0.500 2.937	-0.004 -0.699 0.715	0.737 0.737 0.737 1.000
v781	0.934 0.500 2.938	-0.004 -0.699 0.715	0.737 0.737 0.737 1.000
v782	0.934 0.001 0.614	0.004 -0.699 -0.715	0.737 0.737 0.737 1.000
v783	0.823 0.501 0.126	0.004 -0.699 -0.715	0.737 0.737 0.737 1.000
v784	0.823 0.001 0.614	0.004 -0.699 -0.715	0.737 0.737 0.737 1.000
v785	0.934 0.501 0.127	0.004 -0.699 -0.715	0.737 0.737 0.737 1.000
v786	0.934 0.501 2.937	0.004 0.699 0.715	0.737 0.737 0.737 1.000
v787	0.823 0.501 2.938	0.004 0.699 0.715	0.737 0.737 0.737 1.000
v788	0.823 1.000 2.450	0.004 0.699 0.715	0.737 0.737 0.737 1.000
v789	0.934 1.000 2.449	0.004 0.699 0.715	0.737 0.737 0.737 1.000
v790	0.934 0.501 0.126	-0.004 0.699 -0.715	0.737 0.737 0.737 1.000
v791	0.823 1.000 0.614	-0.004 0.699 -0.715	0.737 0.737 0.737 1.000
v792	0.823 0.501 0.127	-0.004 0.699 -0.715	0.737 0.737 0.737 1.000
v793	0.934 1.000 0.614	-0.004 0.699 -0.715	0.737 0.737 0.737 1.000
v794	2.988 1.002 0.615	0.007 1.000 0.000	0.737 0.737 0.737 1.000
v795	3.099 1.001 2.450	0.007 1.000 0.000	0.737 0.737 0.737 1.000
v796	2.987 1.002 2.450	0.007 1.000 0.000	0.737 0.737 0.737 1.000
v797	3.099 1.001 0.615	0.007 1.000 0.000	0.737 0.737 0.737 1.000
v798	3.099 0.001 2.450	-0.004 -0.699 0.715	0.737 0.737 0.737 1.000
v799	2.987 0.001 2.449	-0.004 -0.699 0.715	0.737 0.737 0.737 1.000
v800	2.987 0.500 2.937	-0.004 -0.699 0.715	0.737 0.737 0.737 1.000
v801	3.099 0.500 2.938	-0.004 -0.699 0.715	0.737 0.737 0.737 1.000
v802	3.099 0.001 0.614	0.004 -0.699 -0.715	0.737 0.737 0.737 1.000
v803	2.987 0.501 0.126	0.004 -0.699 -0.715	0.737 0.737 0.737 1.000
v804	2.987 0.001 0.614	0.004 -0.699 -0.715	0.737 0.737 0.737 1.000
v805	3.099 0.501 0.127	0.004 -0.699 -0.715	0.737 0.737 0.737 1.000
v806	3.099 0.501 2.937	0.004 0.699 0.715	0.737 0.737 0.737 1.000
v807	2.987 0.501 2.938	0.004 0.699 0.715	0.737 0.737 0.737 1.000
v808	2.987 1.000 2.450	0.004 0.699 0.715	0.737 0.737 0.737 1.000
v809	3.099 1.000 2.449	0.004 0.699 0.715	0.737 0.737 0.737 1.000
v810	3.099 0.501 0.126	-0.004 0.699 -0.715	0.737 0.737 0.737 1.000
v811	2.987 1.000 0.614	-0.004 0.699 -0.715	0.737 0.737 0.737 1.000
v812	2.987 0.501 0.127	-0.004 0.699 -0.715	0.737 0.737 0.737 1.000
v813	3.099 1.000 0.614	-0.004 0.699 -0.715	0.737 0.737 0.737 1.000
v814	4.067 1.002 0.615	0.007 1.000 0.000	0.737 0.737 0.737 1.000
v815	4.179 1.001 2.450	0.007 1.000 0.000	0.737 0.737 0.737 1.000
v816	4.067 1.002 2.450	0.007 1.000 0.000	0.737 0.737 0.737 1.000
v817	4.179 1.001 0.615	0.007 1.000 0.000	0.737 0.737 0.737 1.000
v818	4.178 0.001 2.450	-0.004 -0.699 0.715	0.737 0.737 0.737 1.000
v819	4.067 0.001 2.449	-0.004 -0.699 0.715	0.737 0.737 0.737 1.000
v820	4.067 0.500 2.937	-0.004 -0.699 0.715	0.737 0.737 0.737 1.000
v821	4.178 0.500 2.938	-0.004 -0.699 0.715	0.737 0.737 0.737 1.000
v822	4.178 0.001 0.614	0.004 -0.699 -0.715	0.737 0.737 0.737 1.000
v823	4.067 0.501 0.126	0.004 -0.699 -0.715	0.737 0.737 0.737 1.000
v824	4.067 0.001 0.614	0.004 -0.699 -0.715	0.737 0.737 0.737 1.000
v825	4.178 0.501 0.127	0.004 -0.699 -0.715	0.737 0.737 0.737 1.000
v826	4.178 0.501 2.937	0.004 0.699 0.715	0.737 0.737 0.737 1.000
v827	4.067 0.501 2.938	0.004 0.699 0.715	0.737 0.737 0.737 1.000
v828	4.067 1.000 2.450	0.004 0.699 0.715	0.737 0.737 0.737 1.000
v829	4.178 1.000 2.449	0.004 0.699 0.715	0.737 0.737 0.737 1.000
v830	4.178 0.501 0.126	-0.004 0.699 -0.715	0.737 0.737 0.737 1.000
v831	4.067 1.000 0.614	-0.004 0.699 -0.715	0.737 0.737 0.737 1.000
v832	4.067 0.501 0.127	-0.004 0.699 -0.715	0.737 0.737 0.737 1.000
v833	4.178 1.000 0.614	-0.004 0.699 -0.715	0.737 0.737 0.737 1.000
v834	0.823 0.500 0.132	1.000 0.000 0.001	0.380 0.380 0.380 1.000
v835	0.822 0.000 0.618	1.000 0.000 0.000	0.380 0.380 0.380 1.000
v836	0.052 0.499 2.446	-0.545 0.839 0.000	0.380 0.380 0.380 1.000
v837	0.822 1.000 0.619	-0.545 0.839 0.000	0.184 0.184 0.184 1.000
v838	0.052 0.500 0.618	-0.545 0.839 0.000	0.184 0.184 0.184 1.000
v839	0.822 1.000 0.619	-0.412 0.635 -0.653	0.184 0.184 0.184 1.000
v840	0.052 0.500 0.618	-0.412 0.635 -0.653	0.184 0.184 0.184 1.000
v841	0.823 0.500 0.132	-0.412 0.635 -0.653	0.380 0.380 0.380 1.000
v842	0.052 0.500 0.618	-0.545 -0.839 0.000	0.184 0.184 0.184 1.000
v843	0.052 0.499 2.446	-0.545 -0.839 0.000	0.380 0.380 0.380 1.000
v844	0.822 -0.001 2.445	-0.545 -0.839 0.000	0.380 0.380 0.380 1.000
v845	0.822 0.000 0.618	-0.545 -0.839 0.000	0.380 0.380 0.380 1.000
v846	0.052 0.499 2.446	-0.413 0.635 0.653	0.380 0.380 0.380 1.000
v847	0.822 0.999 2.446	-0.413 0.635 0.653	0.380 0.380 0.380 1.000
v848	0.822 0.498 2.933	-0.413 0.635 0.653	0.380 0.380 0.380 1.000
v849	0.822 0.498 2.933	1.000 0.000 0.000	0.380 0.380 0.380 1.000
v850	0.822 0.999 2.446	1.000 0.000 0.000	0.380 0.380 0.380 1.000
v851	0.822 1.000 0.619	1.000 0.000 0.000	0.184 0.184 0.184 1.000
v852	0.822 -0.001 2.445	1.000 0.000 0.000	0.380 0.380 0.380 1.000
v853	0.219 0.607 2.178	0.000 1.000 0.000	0.380 0.380 0.380 1.000
v854	0.218 0.607 0.859	0.000 1.000 0.000	0.380 0.380 0.380 1.000
v855	0.631 0.875 2.178	0.000 0.000 -1.000	0.380 0.380 0.380 1.000
v856	0.219 0.607 2.178	0.000 0.000 -1.000	0.380 0.380 0.380 1.000
v857	0.696 0.607 2.178	0.000 0.000 -1.000	0.380 0.380 0.380 1.000
v858	0.696 0.607 2.178	-1.000 0.000 0.000	0.000 0.000 0.000 1.000
v859	0.696 0.875 2.178	-1.000 0.000 0.000	0.000 0.000 0.000 1.000
v860	0.696 0.607 0.859	-1.000 0.000 0.000	0.000 0.000 0.000 1.000
v861	0.630 0.875 0.859	0.000 -1.000 0.000	0.380 0.380 0.380 1.000
v862	0.631 0.875 2.178	0.000 -1.000 0.000	0.380 0.380 0.380 1.000
v863	0.696 0.875 2.178	0.000 -1.000 0.000	0.380 0.380 0.380 1.000
v864	0.696 0.875 0.859	0.000 -1.000 0.000	0.380 0.380 0.380 1.000
v865	0.696 0.607 0.859	0.000 0.000 1.000	0.380 0.380 0.380 1.000
v866	0.218 0.607 0.859	0.000 0.000 1.000	0.380 0.380 0.380 1.000
v867	0.630 0.875 0.859	0.000 0.000 1.000	0.380 0.380 0.380 1.000
v868	0.696 0.875 0.859	0.000 0.000 1.000	0.380 0.380 0.380 1.000
v869	4.174 -0.001 2.446	0.545 -0.839 0.000	0.380 0.380 0.380 1.000
v870	4.944 0.499 2.446	0.545 -0.839 0.000	0.184 0.184 0.184 1.000
v871	4.944 0.499 2.446	0.545 0.839 0.000	0.184 0.184 0.184 1.000
v872	4.944 0.500 0.619	0.545 0.839 0.000	0.380 0.380 0.380 1.000
v873	4.944 0.500 0.619	0.413 0.636 -0.652	0.380 0.380 0.380 1.000
v874	4.174 1.000 0.619	0.413 0.636 -0.652	0.184 0.184 0.184 1.000
v875	4.174 0.500 0.132	-1.000 0.000 0.000	0.380 0.380 0.380 1.000
v876	4.174 1.000 0.619	-1.000 0.000 0.000	0.184 0.184 0.184 1.000
v877	4.174 0.999 2.447	-1.000 0.000 0.000	0.380 0.380 0.380 1.000
v878	4.174 0.000 0.618	-1.000 0.000 0.000	0.380 0.380 0.380 1.000
v879	4.174 -0.001 2.446	-1.000 0.000 -0.001	0.380 0.380 0.380 1.000
v880	4.174 0.000 0.618	0.413 -0.635 -0.653	0.380 0.380 0.380 1.000
v881	4.944 0.500 0.619	0.413 -0.635 -0.653	0.380 0.380 0.380 1.000
v882	4.174 0.500 0.132	0.413 -0.635 -0.653	0.380 0.380 0.380 1.000
v883	4.173 0.498 2.932	0.412 0.634 0.654	0.184 0.184 0.184 1.000
v884	4.174 0.999 2.447	0.412 0.634 0.654	0.380 0.380 0.380 1.000
v885	4.944 0.499 2.446	0.412 0.634 0.654	0.184 0.184 0.184 1.000
v886	4.173 0.498 2.932	-1.000 0.000 -0.001	0.184 0.184 0.184 1.000
v887	4.175 0.000 2.445	0.000 -0.698 0.716	0.380 0.380 0.380 1.000
v888	0.821 0.000 2.445	0.000 -0.698 0.716	0.380 0.380 0.380 1.000
v889	0.821 0.001 0.618	0.000 -0.697 -0.717	0.380 0.380 0.380 1.000
v890	4.175 0.001 0.618	0.000 -0.697 -0.717	0.380 0.380 0.380 1.000
v891	0.821 1.000 0.620	0.000 0.699 -0.715	0.380 0.380 0.380 1.000
v892	0.821 0.500 0.132	0.000 0.699 -0.715	0.380 0.380 0.380 1.000
v893	4.175 0.500 0.132	0.000 0.699 -0.715	0.380 0.380 0.380 1.000
v894	4.175 1.000 0.620	0.000 0.699 -0.715	0.380 0.380 0.380 1.000
v895	0.821 0.500 0.132	-1.000 0.000 0.000	0.380 0.380 0.380 1.000
v896	0.821 1.000 0.620	-1.000 0.000 0.000	0.380 0.380 0.380 1.000
v897	0.821 0.999 2.446	-1.000 0.000 0.000	0.380 0.380 0.380 1.000
v898	0.821 0.499 2.933	-1.000 0.000 0.000	0.380 0.380 0.380 1.000
v899	0.821 0.001 0.618	-1.000 0.000 0.000	0.380 0.380 0.380 1.000
v900	0.821 0.000 2.445	-1.000 0.000 0.000	0.380 0.380 0.380 1.000
v901	0.821 0.999 2.446	0.000 0.698 0.717	0.380 0.380 0.380 1.000
v902	4.175 0.999 2.446	0.000 0.698 0.717	0.380 0.380 0.380 1.000
v903	4.175 0.499 2.933	0.000 0.698 0.717	0.380 0.380 0.380 1.000
v904	0.821 0.499 2.933	0.000 0.698 0.717	0.380 0.380 0.380 1.000
v905	4.175 0.500 0.132	1.000 0.000 0.000	0.380 0.380 0.380 1.000
v906	4.175 0.999 2.446	1.000 0.000 0.000	0.380 0.380 0.380 1.000
v907	4.175 1.000 0.620	1.000 0.000 0.000	0.380 0.380 0.380 1.000
v908	4.175 0.499 2.933	1.000 0.000 0.000	0.380 0.380 0.380 1.000
v909	4.175 0.001 0.618	1.000 0.000 0.000	0.380 0.380 0.380 1.000
v910	4.175 0.000 2.445	1.000 0.000 0.000	0.380 0.380 0.380 1.000
v911	3.173 0.875 0.498	0.000 -1.000 0.000	0.380 0.380 0.380 1.000
v912	3.995 0.875 0.498	0.000 -1.000 0.000	0.380 0.380 0.380 1.000
v913	3.995 0.875 0.559	0.000 0.000 -1.000	0.000 0.000 0.000 1.000
v914	3.173 0.875 0.559	0.000 0.000 -1.000	0.000 0.000 0.000 1.000
v915	3.995 0.607 0.559	-1.000 0.000 0.000	0.380 0.380 0.380 1.000
v916	3.995 0.875 0.498	-1.000 0.000 0.000	0.380 0.380 0.380 1.000
v917	3.995 0.875 0.559	-1.000 0.000 0.000	0.380 0.380 0.380 1.000
v918	3.995 0.607 0.236	-1.000 0.000 0.000	0.380 0.380 0.380 1.000
v919	3.173 0.607 0.236	0.000 1.000 0.000	0.380 0.380 0.380 1.000
v920	3.995 0.607 0.559	0.000 1.000 0.000	0.380 0.380 0.380 1.000
v921	3.173 0.607 0.559	0.000 1.000 0.000	0.380 0.380 0.380 1.000
v922	3.995 0.607 0.236	0.000 1.000 0.000	0.380 0.380 0.380 1.000
v923	3.173 0.607 0.559	1.000 0.000 0.000	0.380 0.380 0.380 1.000
v924	3.173 0.875 0.559	1.000 0.000 0.000	0.380 0.380 0.380 1.000
v925	3.173 0.875 0.498	1.000 0.000 0.000	0.380 0.380 0.380 1.000
v926	3.173 0.607 0.236	1.000 0.000 0.000	0.380 0.380 0.380 1.000
v927	1.844 0.607 2.502	0.000 1.000 0.000	0.380 0.380 0.380 1.000
v928	1.844 0.607 2.827	0.000 1.000 0.000	0.380 0.380 0.380 1.000
v929	1.021 0.607 2.827	0.000 1.000 0.000	0.380 0.380 0.380 1.000
v930	1.021 0.607 2.502	0.000 1.000 0.000	0.380 0.380 0.380 1.000
v931	1.844 0.607 2.502	-1.000 0.000 0.000	0.380 0.380 0.380 1.000
v932	1.844 0.875 2.502	-1.000 0.000 0.000	0.380 0.380 0.380 1.000
v933	1.844 0.875 2.566	-1.000 0.000 0.000	0.380 0.380 0.380 1.000
v934	1.844 0.607 2.827	-1.000 0.000 0.000	0.380 0.380 0.380 1.000
v935	1.021 0.875 2.502	0.000 -1.000 0.000	0.380 0.380 0.380 1.000
v936	1.021 0.875 2.566	0.000 -1.000 0.000	0.380 0.380 0.380 1.000
v937	1.844 0.875 2.566	0.000 -1.000 0.000	0.380 0.380 0.380 1.000
v938	1.844 0.875 2.502	0.000 -1.000 0.000	0.380 0.380 0.380 1.000
v939	1.021 0.607 2.502	1.000 0.000 0.000	0.380 0.380 0.380 1.000
v940	1.021 0.875 2.566	1.000 0.000 0.000	0.380 0.380 0.380 1.000
v941	1.021 0.875 2.502	1.000 0.000 0.000	0.380 0.380 0.380 1.000
v942	1.021 0.607 2.827	1.000 0.000 0.000	0.380 0.380 0.380 1.000
v943	1.021 0.875 0.498	0.000 -1.000 0.000	0.380 0.380 0.380 1.000
v944	1.844 0.875 0.498	0.000 -1.000 0.000	0.380 0.380 0.380 1.000
v945	1.844 0.875 0.559	0.000 0.000 -1.000	0.000 0.000 0.000 1.000
v946	1.021 0.875 0.559	0.000 0.000 -1.000	0.000 0.000 0.000 1.000
v947	1.844 0.607 0.559	-1.000 0.000 0.000	0.380 0.380 0.380 1.000
v948	1.844 0.875 0.498	-1.000 0.000 0.000	0.380 0.380 0.380 1.000
v949	1.844 0.875 0.559	-1.000 0.000 0.000	0.380 0.380 0.380 1.000
v950	1.844 0.607 0.236	-1.000 0.000 0.000	0.380 0.380 0.380 1.000
v951	1.021 0.607 0.236	0.000 1.000 0.000	0.380 0.380 0.380 1.000
v952	1.844 0.607 0.559	0.000 1.000 0.000	0.380 0.380 0.380 1.000
v953	1.021 0.607 0.559	0.000 1.000 0.000	0.380 0.380 0.380 1.000
v954	1.844 0.607 0.236	0.000 1.000 0.000	0.380 0.380 0.380 1.000
v955	1.021 0.607 0.559	1.000 0.000 0.000	0.380 0.380 0.380 1.000
v956	1.021 0.875 0.559	1.000 0.000 0.000	0.380 0.380 0.380 1.000
v957	1.021 0.875 0.498	1.000 0.000 0.000	0.380 0.380 0.380 1.000
v958	1.021 0.607 0.236	1.000 0.000 0.000	0.380 0.380 0.380 1.000
v959	3.934 0.664 4.148	1.000 0.000 0.000	0.290 0.290 0.290 1.000
v960	3.934 0.812 4.148	1.000 0.000 0.000	0.290 0.290 0.290 1.000
v961	3.934 0.812 2.496	1.000 0.000 0.000	0.290 0.290 0.290 1.000
v962	3.934 0.664 2.496	1.000 0.000 0.000	0.290 0.290 0.290 1.000
v963	3.211 0.664 2.496	-1.000 0.000 0.000	0.290 0.290 0.290 1.000
v964	3.211 0.812 2.496	-1.000 0.000 0.000	0.290 0.290 0.290 1.000
v965	3.211 0.812 4.148	-1.000 0.000 0.000	0.290 0.290 0.290 1.000
v966	3.211 0.664 4.148	-1.000 0.000 0.000	0.290 0.290 0.290 1.000
v967	1.848 0.682 2.741	-0.003 0.953 0.303	0.737 0.737 0.737 1.000
v968	1.848 0.667 2.789	-0.003 0.953 0.303	0.737 0.737 0.737 1.000
v969	1.018 0.665 2.786	-0.003 0.953 0.303	0.737 0.737 0.737 1.000
v970	1.018 0.680 2.738	-0.003 0.953 0.303	0.737 0.737 0.737 1.000
v971	1.848 0.652 2.769	-0.003 0.953 0.303	0.737 0.737 0.737 1.000
v972	1.848 0.636 2.817	-0.003 0.953 0.303	0.737 0.737 0.737 1.000
v973	1.018 0.634 2.814	-0.003 0.953 0.303	0.737 0.737 0.737 1.000
v974	1.018 0.650 2.766	-0.003 0.953 0.303	0.737 0.737 0.737 1.000
v975	1.848 0.775 2.649	-0.003 0.953 0.303	0.737 0.737 0.737 1.000
v976	1.848 0.759 2.697	-0.003 0.953 0.303	0.737 0.737 0.737 1.000
v977	1.018 0.757 2.695	-0.003 0.953 0.303	0.737 0.737 0.737 1.000
v978	1.018 0.773 2.647	-0.003 0.953 0.303	0.737 0.737 0.737 1.000
v979	1.848 0.713 2.706	-0.003 0.953 0.303	0.737 0.737 0.737 1.000
v980	1.848 0.698 2.755	-0.003 0.953 0.303	0.737 0.737 0.737 1.000
v981	1.018 0.696 2.752	-0.003 0.953 0.303	0.737 0.737 0.737 1.000
v982	1.018 0.711 2.704	-0.003 0.953 0.303	0.737 0.737 0.737 1.000
v983	1.848 0.744 2.677	-0.003 0.953 0.303	0.737 0.737 0.737 1.000
v984	1.848 0.729 2.726	-0.003 0.953 0.303	0.737 0.737 0.737 1.000
v985	1.018 0.727 2.723	-0.003 0.953 0.303	0.737 0.737 0.737 1.000
v986	1.018 0.742 2.675	-0.003 0.953 0.303	0.737 0.737 0.737 1.000
v987	1.848 0.867 2.563	-0.003 0.953 0.303	0.737 0.737 0.737 1.000
v988	1.848 0.851 2.611	-0.003 0.953 0.303	0.737 0.737 0.737 1.000
v989	1.018 0.850 2.609	-0.003 0.953 0.303	0.737 0.737 0.737 1.000
v990	1.018 0.865 2.560	-0.003 0.953 0.303	0.737 0.737 0.737 1.000
v991	1.848 0.805 2.620	-0.003 0.953 0.303	0.737 0.737 0.737 1.000
v992	1.848 0.790 2.668	-0.003 0.953 0.303	0.737 0.737 0.737 1.000
v993	1.018 0.788 2.666	-0.003 0.953 0.303	0.737 0.737 0.737 1.000
v994	1.018 0.804 2.618	-0.003 0.953 0.303	0.737 0.737 0.737 1.000
v995	1.848 0.836 2.591	-0.003 0.953 0.303	0.737 0.737 0.737 1.000
v996	1.848 0.821 2.639	-0.003 0.953 0.303	0.737 0.737 0.737 1.000
v997	1.018 0.819 2.637	-0.003 0.953 0.303	0.737 0.737 0.737 1.000
v998	1.018 0.834 2.589	-0.003 0.953 0.303	0.737 0.737 0.737 1.000
v999	3.999 0.665 0.276	0.003 0.953 -0.303	0.737 0.737 0.737 1.000
v1000	3.999 0.680 0.324	0.003 0.953 -0.303	0.737 0.737 0.737 1.000
v1001	3.169 0.682 0.321	0.003 0.953 -0.303	0.737 0.737 0.737 1.000
v1002	3.169 0.667 0.273	0.003 0.953 -0.303	0.737 0.737 0.737 1.000
v1003	3.999 0.634 0.247	0.003 0.953 -0.303	0.737 0.737 0.737 1.000
v1004	3.999 0.650 0.295	0.003 0.953 -0.303	0.737 0.737 0.737 1.000
v1005	3.169 0.652 0.293	0.003 0.953 -0.303	0.737 0.737 0.737 1.000
v1006	3.169 0.636 0.245	0.003 0.953 -0.303	0.737 0.737 0.737 1.000
v1007	3.999 0.757 0.367	0.003 0.953 -0.303	0.737 0.737 0.737 1.000
v1008	3.999 0.773 0.415	0.003 0.953 -0.303	0.737 0.737 0.737 1.000
v1009	3.169 0.775 0.413	0.003 0.953 -0.303	0.737 0.737 0.737 1.000
v1010	3.169 0.759 0.364	0.003 0.953 -0.303	0.737 0.737 0.737 1.000
v1011	3.999 0.696 0.310	0.003 0.953 -0.303	0.737 0.737 0.737 1.000
v1012	3.999 0.711 0.358	0.003 0.953 -0.303	0.737 0.737 0.737 1.000
v1013	3.169 0.713 0.355	0.003 0.953 -0.303	0.737 0.737 0.737 1.000
v1014	3.169 0.698 0.307	0.003 0.953 -0.303	0.737 0.737 0.737 1.000
v1015	3.999 0.727 0.339	0.003 0.953 -0.303	0.737 0.737 0.737 1.000
v1016	3.999 0.742 0.387	0.003 0.953 -0.303	0.737 0.737 0.737 1.000
v1017	3.169 0.744 0.384	0.003 0.953 -0.303	0.737 0.737 0.737 1.000
v1018	3.169 0.729 0.336	0.003 0.953 -0.303	0.737 0.737 0.737 1.000
v1019	3.999 0.850 0.453	0.003 0.953 -0.303	0.737 0.737 0.737 1.000
v1020	3.999 0.865 0.501	0.003 0.953 -0.303	0.737 0.737 0.737 1.000
v1021	3.169 0.867 0.499	0.003 0.953 -0.303	0.737 0.737 0.737 1.000
v1022	3.169 0.851 0.451	0.003 0.953 -0.303	0.737 0.737 0.737 1.000
v1023	3.999 0.788 0.396	0.003 0.953 -0.303	0.737 0.737 0.737 1.000
v1024	3.999 0.804 0.444	0.003 0.953 -0.303	0.737 0.737 0.737 1.000
v1025	3.169 0.805 0.442	0.003 0.953 -0.303	0.737 0.737 0.737 1.000
v1026	3.169 0.790 0.394	0.003 0.953 -0.303	0.737 0.737 0.737 1.000
v1027	3.999 0.819 0.425	0.003 0.953 -0.303	0.737 0.737 0.737 1.000
v1028	3.999 0.834 0.473	0.003 0.953 -0.303	0.737 0.737 0.737 1.000
v1029	3.169 0.836 0.471	0.003 0.953 -0.303	0.737 0.737 0.737 1.000
v1030	3.169 0.821 0.423	0.003 0.953 -0.303	0.737 0.737 0.737 1.000
v1031	1.848 0.665 0.276	0.003 0.953 -0.303	0.737 0.737 0.737 1.000
v1032	1.848 0.680 0.324	0.003 0.953 -0.303	0.737 0.737 0.737 1.000
v1033	1.018 0.682 0.321	0.003 0.953 -0.303	0.737 0.737 0.737 1.000
v1034	1.018 0.667 0.273	0.003 0.953 -0.303	0.737 0.737 0.737 1.000
v1035	1.848 0.634 0.247	0.003 0.953 -0.303	0.737 0.737 0.737 1.000
v1036	1.848 0.650 0.295	0.003 0.953 -0.303	0.737 0.737 0.737 1.000
v1037	1.018 0.652 0.293	0.003 0.953 -0.303	0.737 0.737 0.737 1.000
v1038	1.018 0.636 0.245	0.003 0.953 -0.303	0.737 0.737 0.737 1.000
v1039	1.848 0.757 0.367	0.003 0.953 -0.303	0.737 0.737 0.737 1.000
v1040	1.848 0.773 0.415	0.003 0.953 -0.303	0.737 0.737 0.737 1.000
v1041	1.018 0.775 0.413	0.003 0.953 -0.303	0.737 0.737 0.737 1.000
v1042	1.018 0.759 0.364	0.003 0.953 -0.303	0.737 0.737 0.737 1.000
v1043	1.848 0.696 0.310	0.003 0.953 -0.303	0.737 0.737 0.737 1.000
v1044	1.848 0.711 0.358	0.003 0.953 -0.303	0.737 0.737 0.737 1.000
v1045	1.018 0.713 0.355	0.003 0.953 -0.303	0.737 0.737 0.737 1.000
v1046	1.018 0.698 0.307	0.003 0.953 -0.303	0.737 0.737 0.737 1.000
v1047	1.848 0.727 0.339	0.003 0.953 -0.303	0.737 0.737 0.737 1.000
v1048	1.848 0.742 0.387	0.003 0.953 -0.303	0.737 0.737 0.737 1.000
v1049	1.018 0.744 0.384	0.003 0.953 -0.303	0.737 0.737 0.737 1.000
v1050	1.018 0.729 0.336	0.003 0.953 -0.303	0.737 0.737 0.737 1.000
v1051	1.848 0.850 0.453	0.003 0.953 -0.303	0.737 0.737 0.737 1.000
v1052	1.848 0.865 0.501	0.003 0.953 -0.303	0.737 0.737 0.737 1.000
v1053	1.018 0.867 0.499	0.003 0.953 -0.303	0.737 0.737 0.737 1.000
v1054	1.018 0.851 0.451	0.003 0.953 -0.303	0.737 0.737 0.737 1.000
v1055	1.848 0.788 0.396	0.003 0.953 -0.303	0.737 0.737 0.737 1.000
v1056	1.848 0.804 0.444	0.003 0.953 -0.303	0.737 0.737 0.737 1.000
v1057	1.018 0.805 0.442	0.003 0.953 -0.303	0.737 0.737 0.737 1.000
v1058	1.018 0.790 0.394	0.003 0.953 -0.303	0.737 0.737 0.737 1.000
v1059	1.848 0.819 0.425	0.003 0.953 -0.303	0.737 0.737 0.737 1.000
v1060	1.848 0.834 0.473	0.003 0.953 -0.303	0.737 0.737 0.737 1.000
v1061	1.018 0.836 0.471	0.003 0.953 -0.303	0.737 0.737 0.737 1.000
v1062	1.018 0.821 0.423	0.003 0.953 -0.303	0.737 0.737 0.737 1.000
v1063	0.288 0.667 0.856	-0.081 0.997 -0.002	0.737 0.737 0.737 1.000
v1064	0.336 0.673 2.182	-0.081 0.997 -0.002	0.737 0.737 0.737 1.000
v1065	0.286 0.669 2.182	-0.081 0.997 -0.002	0.737 0.737 0.737 1.000
v1066	0.338 0.671 0.856	-0.081 0.997 -0.002	0.737 0.737 0.737 1.000
v1067	0.254 0.643 0.856	-0.081 0.997 -0.002	0.737 0.737 0.737 1.000
v1068	0.302 0.650 2.182	-0.081 0.997 -0.002	0.737 0.737 0.737 1.000
v1069	0.252 0.646 2.182	-0.081 0.997 -0.002	0.737 0.737 0.737 1.000
v1070	0.304 0.648 0.856	-0.081 0.997 -0.002	0.737 0.737 0.737 1.000
v1071	0.360 0.715 0.856	-0.081 0.997 -0.002	0.737 0.737 0.737 1.000
v1072	0.408 0.722 2.182	-0.081 0.997 -0.002	0.737 0.737 0.737 1.000
v1073	0.358 0.718 2.182	-0.081 0.997 -0.002	0.737 0.737 0.737 1.000
v1074	0.410 0.720 0.856	-0.081 0.997 -0.002	0.737 0.737 0.737 1.000
v1075	0.326 0.692 0.856	-0.081 0.997 -0.002	0.737 0.737 0.737 1.000
v1076	0.374 0.699 2.182	-0.081 0.997 -0.002	0.737 0.737 0.737 1.000
v1077	0.324 0.695 2.182	-0.081 0.997 -0.002	0.737 0.737 0.737 1.000
v1078	0.376 0.696 0.856	-0.081 0.997 -0.002	0.737 0.737 0.737 1.000
v1079	0.470 0.785 0.856	-0.081 0.997 -0.002	0.737 0.737 0.737 1.000
v1080	0.518 0.792 2.182	-0.081 0.997 -0.002	0.737 0.737 0.737 1.000
v1081	0.468 0.788 2.182	-0.081 0.997 -0.002	0.737 0.737 0.737 1.000
v1082	0.520 0.789 0.856	-0.081 0.997 -0.002	0.737 0.737 0.737 1.000
v1083	0.400 0.738 0.856	-0.081 0.997 -0.002	0.737 0.737 0.737 1.000
v1084	0.449 0.745 2.182	-0.081 0.997 -0.002	0.737 0.737 0.737 1.000
v1085	0.398 0.741 2.182	-0.081 0.997 -0.002	0.737 0.737 0.737 1.000
v1086	0.450 0.742 0.856	-0.081 0.997 -0.002	0.737 0.737 0.737 1.000
v1087	0.435 0.762 0.856	-0.081 0.997 -0.002	0.737 0.737 0.737 1.000
v1088	0.484 0.768 2.182	-0.081 0.997 -0.002	0.737 0.737 0.737 1.000
v1089	0.434 0.764 2.182	-0.081 0.997 -0.002	0.737 0.737 0.737 1.000
v1090	0.486 0.766 0.856	-0.081 0.997 -0.002	0.737 0.737 0.737 1.000
v1091	0.575 0.856 0.856	-0.081 0.997 -0.002	0.737 0.737 0.737 1.000
v1092	0.623 0.862 2.182	-0.081 0.997 -0.002	0.737 0.737 0.737 1.000
v1093	0.573 0.858 2.182	-0.081 0.997 -0.002	0.737 0.737 0.737 1.000
v1094	0.625 0.860 0.856	-0.081 0.997 -0.002	0.737 0.737 0.737 1.000
v1095	0.505 0.809 0.856	-0.081 0.997 -0.002	0.737 0.737 0.737 1.000
v1096	0.554 0.815 2.182	-0.081 0.997 -0.002	0.737 0.737 0.737 1.000
v1097	0.503 0.811 2.182	-0.081 0.997 -0.002	0.737 0.737 0.737 1.000
v1098	0.555 0.813 0.856	-0.081 0.997 -0.002	0.737 0.737 0.737 1.000
v1099	0.540 0.832 0.856	-0.081 0.997 -0.002	0.737 0.737 0.737 1.000
v1100	0.589 0.839 2.182	-0.081 0.997 -0.002	0.737 0.737 0.737 1.000
v1101	0.539 0.835 2.182	-0.081 0.997 -0.002	0.737 0.737 0.737 1.000
v1102	0.591 0.836 0.856	-0.081 0.997 -0.002	0.737 0.737 0.737 1.000
f3 10 3 2
f3 11 10 2
f3 446 5 8
f3 447 446 8
f3 448 449 6
f3 450 448 6
f3 451 9 452
f3 453 9 451
f3 454 455 456
f3 457 454 456
f3 4 7 1
f3 0 4 1
f3 458 15 14
f3 459 458 14
f3 460 461 462
f3 13 460 462
f3 463 464 12
f3 465 463 12
f3 466 467 468
f3 469 467 466
f3 470 471 472
f3 473 470 472
f3 474 475 476
f3 477 474 476
f3 478 479 480
f3 481 478 480
f3 482 483 484
f3 485 482 484
f3 27 19 18
f3 22 27 18
f3 23 21 20
f3 24 23 20
f3 486 28 487
f3 488 489 490
f3 491 488 490
f3 16 492 17
f3 493 492 16
f3 26 25 494
f3 495 26 494
f3 496 29 497
f3 498 499 500
f3 501 498 500
f3 502 503 504
f3 505 502 504
f3 506 507 508
f3 495 507 506
f3 509 510 511
f3 512 513 510
f3 514 486 513
f3 515 23 24
f3 516 517 518
f3 519 499 498
f3 36 37 44
f3 43 36 44
f3 38 45 44
f3 37 38 44
f3 46 45 38
f3 39 46 38
f3 40 46 39
f3 47 46 40
f3 47 40 41
f3 42 47 41
f3 520 36 43
f3 521 520 43
f3 522 523 524
f3 525 522 524
f3 526 522 525
f3 527 522 526
f3 30 31 32
f3 33 30 32
f3 35 30 33
f3 34 35 33
f3 528 529 530
f3 531 528 530
f3 532 533 534
f3 535 532 534
f3 536 537 538
f3 539 536 538
f3 540 541 542
f3 543 540 542
f3 544 545 546
f3 547 544 546
f3 548 549 550
f3 551 548 550
f3 54 55 62
f3 61 54 62
f3 56 63 62
f3 55 56 62
f3 64 63 56
f3 57 64 56
f3 58 64 57
f3 65 64 58
f3 65 58 59
f3 60 65 59
f3 552 54 61
f3 553 552 61
f3 554 555 556
f3 557 554 556
f3 558 554 557
f3 559 558 557
f3 48 49 50
f3 51 48 50
f3 53 48 51
f3 52 53 51
f3 560 561 562
f3 563 560 562
f3 564 565 566
f3 567 564 566
f3 568 569 570
f3 571 568 570
f3 572 573 574
f3 575 572 574
f3 576 577 578
f3 579 576 578
f3 580 581 582
f3 583 580 582
f3 72 73 80
f3 79 72 80
f3 74 81 80
f3 73 74 80
f3 82 81 74
f3 75 82 74
f3 76 82 75
f3 83 82 76
f3 83 76 77
f3 78 83 77
f3 584 72 79
f3 585 584 79
f3 586 587 588
f3 589 586 588
f3 590 586 589
f3 591 586 590
f3 66 67 68
f3 69 66 68
f3 71 66 69
f3 70 71 69
f3 592 593 594
f3 595 592 594
f3 596 597 598
f3 599 596 598
f3 600 601 602
f3 603 600 602
f3 604 605 606
f3 607 604 606
f3 608 609 610
f3 611 608 610
f3 612 613 614
f3 615 612 614
f3 97 90 91
f3 98 97 91
f3 92 616 617
f3 99 616 92
f3 618 619 93
f3 100 618 93
f3 620 621 94
f3 101 620 94
f3 622 95 96
f3 623 622 96
f3 624 625 626
f3 627 624 626
f3 628 629 630
f3 631 628 630
f3 632 628 631
f3 633 632 631
f3 84 85 86
f3 87 84 86
f3 89 84 87
f3 88 89 87
f3 634 635 636
f3 637 634 636
f3 638 639 640
f3 641 638 640
f3 642 643 644
f3 645 642 644
f3 646 647 648
f3 649 646 648
f3 650 651 652
f3 653 650 652
f3 654 655 656
f3 657 654 656
f3 102 108 109
f3 103 102 109
f3 104 658 659
f3 110 104 659
f3 660 661 111
f3 105 660 111
f3 662 663 112
f3 106 662 112
f3 664 113 107
f3 665 664 107
f3 666 667 668
f3 669 666 668
f3 670 671 672
f3 673 670 672
f3 674 670 673
f3 675 674 673
f3 676 677 678
f3 679 676 678
f3 680 676 679
f3 681 680 679
f3 114 120 121
f3 115 114 121
f3 116 682 683
f3 122 116 683
f3 684 685 123
f3 117 684 123
f3 686 687 124
f3 118 686 124
f3 688 125 119
f3 689 688 119
f3 690 691 692
f3 693 690 692
f3 694 695 696
f3 697 694 696
f3 698 694 697
f3 699 698 697
f3 700 701 702
f3 703 700 702
f3 704 700 703
f3 705 704 703
f3 126 132 133
f3 127 126 133
f3 128 706 707
f3 134 128 707
f3 708 709 135
f3 129 708 135
f3 710 711 136
f3 130 710 136
f3 712 137 131
f3 713 712 131
f3 714 715 716
f3 717 714 716
f3 718 719 720
f3 721 718 720
f3 722 718 721
f3 723 722 721
f3 724 725 726
f3 727 724 726
f3 728 724 727
f3 729 728 727
f3 138 140 139
f3 141 140 138
f3 730 731 732
f3 733 730 732
f3 142 144 143
f3 145 144 142
f3 734 735 736
f3 737 734 736
f3 148 146 149
f3 147 146 148
f3 738 739 740
f3 741 738 740
f3 152 150 153
f3 151 150 152
f3 742 743 744
f3 745 742 744
f3 154 156 155
f3 157 156 154
f3 746 747 748
f3 749 746 748
f3 158 160 159
f3 161 160 158
f3 750 751 752
f3 753 750 752
f3 165 162 163
f3 164 165 163
f3 754 755 756
f3 757 755 754
f3 169 167 168
f3 166 167 169
f3 758 759 760
f3 761 758 760
f3 172 173 170
f3 171 172 170
f3 762 763 764
f3 765 763 762
f3 175 177 174
f3 176 177 175
f3 766 767 768
f3 769 766 768
f3 178 179 180
f3 181 178 180
f3 770 771 772
f3 773 771 770
f3 185 182 183
f3 184 185 183
f3 774 775 776
f3 777 775 774
f3 189 187 188
f3 186 187 189
f3 778 779 780
f3 781 778 780
f3 192 193 190
f3 191 192 190
f3 782 783 784
f3 785 783 782
f3 195 197 194
f3 196 197 195
f3 786 787 788
f3 789 786 788
f3 198 199 200
f3 201 198 200
f3 790 791 792
f3 793 791 790
f3 205 202 203
f3 204 205 203
f3 794 795 796
f3 797 795 794
f3 209 207 208
f3 206 207 209
f3 798 799 800
f3 801 798 800
f3 212 213 210
f3 211 212 210
f3 802 803 804
f3 805 803 802
f3 215 217 214
f3 216 217 215
f3 806 807 808
f3 809 806 808
f3 218 219 220
f3 221 218 220
f3 810 811 812
f3 813 811 810
f3 225 222 223
f3 224 225 223
f3 814 815 816
f3 817 815 814
f3 229 227 228
f3 226 227 229
f3 818 819 820
f3 821 818 820
f3 232 233 230
f3 231 232 230
f3 822 823 824
f3 825 823 822
f3 235 237 234
f3 236 237 235
f3 826 827 828
f3 829 826 828
f3 238 239 240
f3 241 238 240
f3 830 831 832
f3 833 831 830
f3 242 245 247
f3 244 248 243
f3 834 835 246
f3 250 249 836
f3 252 249 250
f3 837 249 252
f3 837 252 253
f3 251 250 836
f3 253 251 836
f3 838 253 836
f3 838 837 253
f3 839 840 841
f3 842 843 844
f3 845 842 844
f3 846 847 848
f3 849 850 851
f3 835 849 851
f3 852 849 835
f3 254 256 853
f3 854 254 853
f3 257 855 856
f3 857 257 856
f3 858 255 859
f3 860 255 858
f3 861 862 863
f3 864 861 863
f3 865 866 867
f3 868 865 867
f3 259 265 258
f3 262 869 870
f3 264 869 262
f3 263 871 260
f3 872 871 263
f3 873 874 261
f3 875 876 877
f3 878 875 877
f3 879 878 877
f3 880 881 882
f3 883 884 885
f3 886 879 877
f3 266 267 268
f3 269 266 268
f3 887 888 270
f3 271 887 270
f3 272 273 889
f3 890 272 889
f3 275 277 276
f3 274 277 275
f3 295 891 892
f3 296 295 892
f3 297 296 892
f3 280 279 297
f3 280 297 892
f3 281 280 892
f3 893 281 892
f3 294 891 295
f3 279 294 297
f3 279 891 294
f3 278 891 279
f3 894 891 278
f3 894 278 281
f3 893 894 281
f3 895 896 897
f3 898 895 897
f3 899 895 898
f3 900 899 898
f3 287 288 901
f3 286 287 901
f3 902 286 901
f3 902 903 286
f3 288 904 901
f3 289 904 288
f3 903 904 289
f3 903 289 286
f3 905 906 907
f3 908 906 905
f3 909 908 905
f3 910 908 909
f3 911 284 285
f3 912 911 285
f3 913 914 283
f3 282 913 283
f3 915 916 917
f3 918 916 915
f3 919 920 921
f3 922 920 919
f3 923 924 925
f3 926 923 925
f3 290 292 293
f3 291 290 293
f3 927 928 929
f3 930 927 929
f3 931 932 933
f3 934 931 933
f3 935 936 937
f3 938 935 937
f3 939 940 941
f3 942 940 939
f3 943 300 301
f3 944 943 301
f3 945 946 299
f3 298 945 299
f3 947 948 949
f3 950 948 947
f3 951 952 953
f3 954 952 951
f3 955 956 957
f3 958 955 957
f3 302 304 303
f3 305 304 302
f3 959 960 961
f3 962 959 961
f3 306 308 307
f3 309 308 306
f3 963 964 965
f3 966 963 965
f3 312 310 311
f3 313 310 312
f3 967 968 969
f3 970 967 969
f3 316 314 315
f3 317 314 316
f3 971 972 973
f3 974 971 973
f3 320 318 319
f3 321 318 320
f3 975 976 977
f3 978 975 977
f3 324 322 323
f3 325 322 324
f3 979 980 981
f3 982 979 981
f3 328 326 327
f3 329 326 328
f3 983 984 985
f3 986 983 985
f3 332 330 331
f3 333 330 332
f3 987 988 989
f3 990 987 989
f3 336 334 335
f3 337 334 336
f3 991 992 993
f3 994 991 993
f3 340 338 339
f3 341 338 340
f3 995 996 997
f3 998 995 997
f3 342 344 345
f3 343 344 342
f3 999 1000 1001
f3 1002 999 1001
f3 346 348 349
f3 347 348 346
f3 1003 1004 1005
f3 1006 1003 1005
f3 350 352 353
f3 351 352 350
f3 1007 1008 1009
f3 1010 1007 1009
f3 354 356 357
f3 355 356 354
f3 1011 1012 1013
f3 1014 1011 1013
f3 358 360 361
f3 359 360 358
f3 1015 1016 1017
f3 1018 1015 1017
f3 362 364 365
f3 363 364 362
f3 1019 1020 1021
f3 1022 1019 1021
f3 366 368 369
f3 367 368 366
f3 1023 1024 1025
f3 1026 1023 1025
f3 370 372 373
f3 371 372 370
f3 1027 1028 1029
f3 1030 1027 1029
f3 374 376 377
f3 375 376 374
f3 1031 1032 1033
f3 1034 1031 1033
f3 378 380 381
f3 379 380 378
f3 1035 1036 1037
f3 1038 1035 1037
f3 382 384 385
f3 383 384 382
f3 1039 1040 1041
f3 1042 1039 1041
f3 386 388 389
f3 387 388 386
f3 1043 1044 1045
f3 1046 1043 1045
f3 390 392 393
f3 391 392 390
f3 1047 1048 1049
f3 1050 1047 1049
f3 394 396 397
f3 395 396 394
f3 1051 1052 1053
f3 1054 1051 1053
f3 398 400 401
f3 399 400 398
f3 1055 1056 1057
f3 1058 1055 1057
f3 402 404 405
f3 403 404 402
f3 1059 1060 1061
f3 1062 1059 1061
f3 406 407 408
f3 409 406 408
f3 1063 1064 1065
f3 1066 1064 1063
f3 410 411 412
f3 413 410 412
f3 1067 1068 1069
f3 1070 1068 1067
f3 414 415 416
f3 417 414 416
f3 1071 1072 1073
f3 1074 1072 1071
f3 418 419 420
f3 421 418 420
f3 1075 1076 1077
f3 1078 1076 1075
f3 422 423 424
f3 425 422 424
f3 1079 1080 1081
f3 1082 1080 1079
f3 426 427 428
f3 429 426 428
f3 1083 1084 1085
f3 1086 1084 1083
f3 430 431 432
f3 433 430 432
f3 1087 1088 1089
f3 1090 1088 1087
f3 434 435 436
f3 437 434 436
f3 1091 1092 1093
f3 1094 1092 1091
f3 438 439 440
f3 441 438 440
f3 1095 1096 1097
f3 1098 1096 1095
f3 442 443 444
f3 445 442 444
f3 1099 1100 1101
f3 1102 1100 1099
