v0	2.044 0.543 1.000	0.000 0.996 0.089	0.784 0.796 1.000 0.510
v1	2.044 0.526 1.066	0.000 0.818 0.575	0.784 0.796 1.000 0.510
v2	2.044 0.478 1.114	0.000 0.421 0.907	0.784 0.796 1.000 0.510
v3	2.044 0.412 1.132	0.000 -0.089 0.996	0.784 0.796 1.000 0.510
v4	2.044 0.346 1.114	0.000 -0.500 0.866	0.784 0.796 1.000 0.510
v5	2.044 0.297 1.066	0.000 -0.818 0.575	0.784 0.796 1.000 0.510
v6	2.044 0.280 1.000	0.000 -0.996 0.089	0.784 0.796 1.000 0.510
v7	2.044 0.297 0.934	0.000 -0.907 -0.421	0.784 0.796 1.000 0.510
v8	2.044 0.346 0.886	0.000 -0.500 -0.866	0.784 0.796 1.000 0.510
v9	2.044 0.412 0.868	0.000 0.089 -0.996	0.784 0.796 1.000 0.510
v10	2.044 0.478 0.886	0.000 0.575 -0.818	0.784 0.796 1.000 0.510
v11	2.044 0.526 0.934	0.000 0.907 -0.421	0.784 0.796 1.000 0.510
v12	3.969 0.543 1.000	0.000 0.996 -0.089	0.784 0.796 1.000 0.510
v13	3.969 0.526 1.066	0.000 0.907 0.421	0.784 0.796 1.000 0.510
v14	3.969 0.478 1.114	0.000 0.575 0.818	0.784 0.796 1.000 0.510
v15	3.969 0.412 1.132	0.000 0.089 0.996	0.784 0.796 1.000 0.510
v16	3.969 0.346 1.114	0.000 -0.500 0.866	0.784 0.796 1.000 0.510
v17	3.969 0.297 1.066	0.000 -0.907 0.421	0.784 0.796 1.000 0.510
v18	3.969 0.280 1.000	0.000 -0.996 -0.089	0.784 0.796 1.000 0.510
v19	3.969 0.297 0.934	0.000 -0.818 -0.575	0.784 0.796 1.000 0.510
v20	3.969 0.346 0.886	0.000 -0.500 -0.866	0.784 0.796 1.000 0.510
v21	3.969 0.412 0.868	0.000 -0.089 -0.996	0.784 0.796 1.000 0.510
v22	3.969 0.478 0.886	0.000 0.421 -0.907	0.784 0.796 1.000 0.510
v23	3.969 0.526 0.934	0.000 0.818 -0.575	0.784 0.796 1.000 0.510
v24	3.358 0.263 0.940	-0.001 -1.000 0.008	0.212 0.212 0.212 1.000
v25	3.358 0.264 1.064	-0.001 -1.000 0.008	0.212 0.212 0.212 1.000
v26	3.358 0.353 1.151	0.000 -0.701 0.713	0.212 0.212 0.212 1.000
v27	3.358 0.477 1.150	0.000 0.008 1.000	0.212 0.212 0.212 1.000
v28	3.358 0.564 1.062	0.001 0.713 0.701	0.212 0.212 0.212 1.000
v29	3.358 0.563 0.937	0.001 1.000 -0.008	0.212 0.212 0.212 1.000
v30	3.358 0.475 0.850	0.000 0.701 -0.713	0.212 0.212 0.212 1.000
v31	3.358 0.350 0.851	0.000 -0.008 -1.000	0.212 0.212 0.212 1.000
v32	3.312 0.263 0.940	-0.001 -1.000 0.008	0.212 0.212 0.212 1.000
v33	3.312 0.264 1.064	-0.001 -1.000 0.008	0.212 0.212 0.212 1.000
v34	3.312 0.353 1.151	0.000 -0.701 0.713	0.212 0.212 0.212 1.000
v35	3.312 0.477 1.150	0.000 0.008 1.000	0.212 0.212 0.212 1.000
v36	3.312 0.564 1.062	0.001 0.713 0.701	0.212 0.212 0.212 1.000
v37	3.312 0.563 0.937	0.001 1.000 -0.008	0.212 0.212 0.212 1.000
v38	3.312 0.475 0.850	0.000 0.701 -0.713	0.212 0.212 0.212 1.000
v39	3.312 0.351 0.851	0.000 -0.008 -1.000	0.212 0.212 0.212 1.000
v40	3.358 0.360 0.874	1.000 0.000 0.000	0.212 0.212 0.212 1.000
v41	3.312 0.360 0.875	-1.000 0.000 0.000	0.212 0.212 0.212 1.000
v42	3.358 0.465 0.874	1.000 0.000 0.000	0.212 0.212 0.212 1.000
v43	3.312 0.465 0.874	-1.000 0.000 0.000	0.212 0.212 0.212 1.000
v44	3.358 0.540 0.947	1.000 0.000 0.000	0.212 0.212 0.212 1.000
v45	3.312 0.540 0.947	-1.000 0.000 0.000	0.212 0.212 0.212 1.000
v46	3.358 0.541 1.052	1.000 0.000 0.000	0.212 0.212 0.212 1.000
v47	3.312 0.541 1.052	-1.000 0.000 0.000	0.212 0.212 0.212 1.000
v48	3.358 0.467 1.127	1.000 0.000 0.000	0.212 0.212 0.212 1.000
v49	3.312 0.467 1.127	-1.000 0.000 0.000	0.212 0.212 0.212 1.000
v50	3.358 0.362 1.128	1.000 0.000 0.000	0.212 0.212 0.212 1.000
v51	3.312 0.362 1.128	-1.000 0.000 0.000	0.212 0.212 0.212 1.000
v52	3.312 0.287 0.949	-1.000 0.000 0.000	0.212 0.212 0.212 1.000
v53	3.358 0.287 0.949	1.000 0.000 0.000	0.212 0.212 0.212 1.000
v54	3.358 0.288 1.054	1.000 0.000 0.000	0.212 0.212 0.212 1.000
v55	3.312 0.288 1.054	-1.000 0.000 0.000	0.212 0.212 0.212 1.000
v56	2.714 0.263 0.940	-0.001 -1.000 0.008	0.212 0.212 0.212 1.000
v57	2.714 0.264 1.064	-0.001 -1.000 0.008	0.212 0.212 0.212 1.000
v58	2.714 0.353 1.151	0.000 -0.701 0.713	0.212 0.212 0.212 1.000
v59	2.714 0.477 1.150	0.000 0.008 1.000	0.212 0.212 0.212 1.000
v60	2.714 0.564 1.062	0.001 0.713 0.701	0.212 0.212 0.212 1.000
v61	2.714 0.563 0.937	0.001 1.000 -0.008	0.212 0.212 0.212 1.000
v62	2.714 0.475 0.850	0.000 0.701 -0.713	0.212 0.212 0.212 1.000
v63	2.714 0.351 0.851	0.000 -0.008 -1.000	0.212 0.212 0.212 1.000
v64	2.669 0.263 0.940	-0.001 -1.000 0.008	0.212 0.212 0.212 1.000
v65	2.669 0.264 1.064	-0.001 -1.000 0.008	0.212 0.212 0.212 1.000
v66	2.669 0.353 1.151	0.000 -0.701 0.713	0.212 0.212 0.212 1.000
v67	2.669 0.477 1.150	0.000 0.008 1.000	0.212 0.212 0.212 1.000
v68	2.669 0.564 1.062	0.001 0.713 0.701	0.212 0.212 0.212 1.000
v69	2.669 0.563 0.937	0.001 1.000 -0.008	0.212 0.212 0.212 1.000
v70	2.669 0.475 0.850	0.000 0.701 -0.713	0.212 0.212 0.212 1.000
v71	2.669 0.351 0.851	0.000 -0.008 -1.000	0.212 0.212 0.212 1.000
v72	2.714 0.360 0.874	1.000 0.000 0.000	0.212 0.212 0.212 1.000
v73	2.669 0.360 0.875	-1.000 0.000 0.000	0.212 0.212 0.212 1.000
v74	2.714 0.465 0.874	1.000 0.000 0.000	0.212 0.212 0.212 1.000
v75	2.669 0.465 0.874	-1.000 0.000 0.000	0.212 0.212 0.212 1.000
v76	2.714 0.540 0.947	1.000 0.000 0.000	0.212 0.212 0.212 1.000
v77	2.669 0.540 0.947	-1.000 0.000 0.000	0.212 0.212 0.212 1.000
v78	2.714 0.541 1.052	1.000 0.000 0.000	0.212 0.212 0.212 1.000
v79	2.669 0.541 1.052	-1.000 0.000 0.000	0.212 0.212 0.212 1.000
v80	2.714 0.467 1.127	1.000 0.000 0.000	0.212 0.212 0.212 1.000
v81	2.669 0.467 1.127	-1.000 0.000 0.000	0.212 0.212 0.212 1.000
v82	2.714 0.362 1.128	1.000 0.000 0.000	0.212 0.212 0.212 1.000
v83	2.669 0.362 1.128	-1.000 0.000 0.000	0.212 0.212 0.212 1.000
v84	2.669 0.287 0.949	-1.000 0.000 0.000	0.212 0.212 0.212 1.000
v85	2.714 0.287 0.949	1.000 0.000 0.000	0.212 0.212 0.212 1.000
v86	2.714 0.288 1.054	1.000 0.000 0.000	0.212 0.212 0.212 1.000
v87	2.669 0.288 1.054	-1.000 0.000 0.000	0.212 0.212 0.212 1.000
v88	4.015 0.377 0.852	0.000 0.000 -1.000	0.212 0.212 0.212 1.000
v89	4.015 0.424 0.852	0.000 0.000 -1.000	0.212 0.212 0.212 1.000
v90	2.015 0.377 0.852	0.000 0.000 -1.000	0.212 0.212 0.212 1.000
v91	2.015 0.424 0.852	0.000 0.000 -1.000	0.212 0.212 0.212 1.000
v92	2.015 0.377 0.870	-1.000 0.000 0.000	0.212 0.212 0.212 1.000
v93	2.015 0.424 0.870	-1.000 0.000 0.000	0.212 0.212 0.212 1.000
v94	4.015 0.424 0.870	0.000 1.000 0.000	0.212 0.212 0.212 1.000
v95	4.015 0.377 0.870	1.000 0.000 0.000	0.212 0.212 0.212 1.000
v96	4.015 0.377 1.133	0.000 0.000 -1.000	0.212 0.212 0.212 1.000
v97	4.015 0.424 1.133	0.000 0.000 -1.000	0.212 0.212 0.212 1.000
v98	2.015 0.377 1.133	0.000 0.000 -1.000	0.212 0.212 0.212 1.000
v99	2.015 0.424 1.133	0.000 0.000 -1.000	0.212 0.212 0.212 1.000
v100	2.015 0.377 1.151	-1.000 0.000 0.000	0.212 0.212 0.212 1.000
v101	2.015 0.424 1.151	-1.000 0.000 0.000	0.212 0.212 0.212 1.000
v102	4.015 0.424 1.151	0.000 1.000 0.000	0.212 0.212 0.212 1.000
v103	4.015 0.377 1.151	1.000 0.000 0.000	0.212 0.212 0.212 1.000
v104	4.016 0.232 0.823	0.000 0.000 -1.000	0.212 0.212 0.212 1.000
v105	4.016 0.582 0.823	0.000 0.000 -1.000	0.212 0.212 0.212 1.000
v106	3.892 0.232 0.823	0.000 0.000 -1.000	0.212 0.212 0.212 1.000
v107	3.892 0.582 0.823	0.000 0.000 -1.000	0.212 0.212 0.212 1.000
v108	4.016 0.232 1.174	0.000 -1.000 0.000	0.212 0.212 0.212 1.000
v109	3.892 0.232 1.174	0.000 -1.000 0.000	0.212 0.212 0.212 1.000
v110	3.892 0.582 1.174	-1.000 0.000 0.000	0.212 0.212 0.212 1.000
v111	4.016 0.582 1.174	0.000 1.000 0.000	0.212 0.212 0.212 1.000
v112	2.124 0.232 0.823	0.000 0.000 -1.000	0.212 0.212 0.212 1.000
v113	2.124 0.582 0.823	0.000 0.000 -1.000	0.212 0.212 0.212 1.000
v114	2.000 0.232 0.823	0.000 0.000 -1.000	0.212 0.212 0.212 1.000
v115	2.000 0.582 0.823	0.000 0.000 -1.000	0.212 0.212 0.212 1.000
v116	2.124 0.232 1.174	0.000 -1.000 0.000	0.212 0.212 0.212 1.000
v117	2.000 0.232 1.174	0.000 -1.000 0.000	0.212 0.212 0.212 1.000
v118	2.000 0.582 1.174	-1.000 0.000 0.000	0.212 0.212 0.212 1.000
v119	2.124 0.582 1.174	0.000 1.000 0.000	0.212 0.212 0.212 1.000
v120	0.169 -0.065 0.619	-1.000 0.000 -0.001	0.212 0.212 0.212 1.000
v121	0.168 -0.065 1.385	-1.000 0.000 -0.001	0.212 0.212 0.212 1.000
v122	0.708 -0.065 1.926	-0.708 0.000 0.706	0.212 0.212 0.212 1.000
v123	1.474 -0.065 1.927	-0.001 0.000 1.000	0.212 0.212 0.212 1.000
v124	2.016 -0.065 1.387	0.706 0.000 0.708	0.212 0.212 0.212 1.000
v125	2.016 -0.065 0.621	1.000 0.000 0.001	0.212 0.212 0.212 1.000
v126	1.476 -0.065 0.079	0.708 0.000 -0.706	0.212 0.212 0.212 1.000
v127	0.710 -0.065 0.079	0.001 0.000 -1.000	0.212 0.212 0.212 1.000
v128	0.169 0.857 0.619	-1.000 0.000 -0.001	0.212 0.212 0.212 1.000
v129	0.168 0.857 1.385	-1.000 0.000 -0.001	0.212 0.212 0.212 1.000
v130	0.708 0.857 1.926	-0.708 0.000 0.706	0.212 0.212 0.212 1.000
v131	1.474 0.857 1.927	-0.001 0.000 1.000	0.212 0.212 0.212 1.000
v132	2.016 0.857 1.387	0.706 0.000 0.708	0.212 0.212 0.212 1.000
v133	2.016 0.857 0.621	1.000 0.000 0.001	0.212 0.212 0.212 1.000
v134	1.476 0.857 0.079	0.708 0.000 -0.706	0.212 0.212 0.212 1.000
v135	0.710 0.857 0.079	0.001 0.000 -1.000	0.212 0.212 0.212 1.000
v136	0.169 0.865 0.619	0.000 -1.000 0.000	0.545 1.000 1.000 1.000
v137	0.168 0.865 1.385	0.000 -1.000 0.000	0.545 1.000 1.000 1.000
v138	0.708 0.865 1.926	0.000 -1.000 0.000	0.545 1.000 1.000 1.000
v139	1.474 0.865 1.927	0.000 -1.000 0.000	0.545 1.000 1.000 1.000
v140	2.016 0.865 1.387	0.000 -1.000 0.000	0.545 1.000 1.000 1.000
v141	2.016 0.865 0.621	0.000 -1.000 0.000	0.545 1.000 1.000 1.000
v142	1.476 0.865 0.079	0.000 -1.000 0.000	0.545 1.000 1.000 1.000
v143	0.710 0.865 0.079	0.000 -1.000 0.000	0.545 1.000 1.000 1.000
v144	0.617 1.203 0.806	-0.067 0.998 -0.018	0.545 1.000 1.000 1.000
v145	0.617 1.203 1.199	-0.051 0.998 0.021	0.545 1.000 1.000 1.000
v146	0.895 1.203 1.478	-0.042 0.996 0.072	0.545 1.000 1.000 1.000
v147	1.288 1.203 1.478	0.042 0.994 0.102	0.545 1.000 1.000 1.000
v148	1.567 1.203 1.200	0.051 0.998 0.021	0.545 1.000 1.000 1.000
v149	1.567 1.203 0.807	0.068 0.998 -0.018	0.545 1.000 1.000 1.000
v150	1.289 1.203 0.528	0.042 0.996 -0.072	0.545 1.000 1.000 1.000
v151	0.896 1.203 0.528	-0.042 0.994 -0.102	0.545 1.000 1.000 1.000
v152	0.710 1.135 0.079	-0.053 0.990 -0.128	0.545 1.000 1.000 1.000
v153	0.169 1.135 0.619	-0.120 0.990 -0.071	0.545 1.000 1.000 1.000
v154	0.168 1.135 1.385	-0.128 0.990 0.053	0.545 1.000 1.000 1.000
v155	0.708 1.135 1.926	-0.035 0.990 0.135	0.545 1.000 1.000 1.000
v156	1.474 1.135 1.927	0.053 0.990 0.128	0.545 1.000 1.000 1.000
v157	2.016 1.135 1.387	0.127 0.990 0.053	0.545 1.000 1.000 1.000
v158	2.016 1.135 0.621	0.120 0.990 -0.070	0.545 1.000 1.000 1.000
v159	1.476 1.135 0.079	0.035 0.990 -0.135	0.545 1.000 1.000 1.000
v160	0.817 1.115 1.482	0.710 0.000 -0.704	0.349 0.643 0.643 1.000
v161	0.817 1.186 1.482	0.710 0.000 -0.704	0.349 0.643 0.643 1.000
v162	0.610 1.115 1.274	0.710 0.000 -0.704	0.349 0.643 0.643 1.000
v163	0.610 1.186 1.274	0.710 0.000 -0.704	0.349 0.643 0.643 1.000
v164	0.608 1.115 1.689	0.000 -1.000 0.000	0.349 0.643 0.643 1.000
v165	0.402 1.115 1.481	0.000 -1.000 0.000	0.349 0.643 0.643 1.000
v166	0.402 1.186 1.481	-0.704 0.000 -0.710	0.349 0.643 0.643 1.000
v167	0.608 1.186 1.689	0.000 1.000 0.000	0.349 0.643 0.643 1.000
v168	1.783 1.115 0.524	0.710 0.000 -0.704	0.349 0.643 0.643 1.000
v169	1.783 1.186 0.524	0.710 0.000 -0.704	0.349 0.643 0.643 1.000
v170	1.576 1.115 0.316	0.710 0.000 -0.704	0.349 0.643 0.643 1.000
v171	1.576 1.186 0.316	0.710 0.000 -0.704	0.349 0.643 0.643 1.000
v172	1.575 1.115 0.731	0.000 -1.000 0.000	0.349 0.643 0.643 1.000
v173	1.368 1.115 0.522	0.000 -1.000 0.000	0.349 0.643 0.643 1.000
v174	1.368 1.186 0.522	-0.704 0.000 -0.710	0.349 0.643 0.643 1.000
v175	1.575 1.186 0.731	0.000 1.000 0.000	0.349 0.643 0.643 1.000
v176	1.244 1.115 1.538	0.000 0.000 -1.000	0.349 0.643 0.643 1.000
v177	1.244 1.186 1.538	0.000 0.000 -1.000	0.349 0.643 0.643 1.000
v178	0.951 1.115 1.538	0.000 0.000 -1.000	0.349 0.643 0.643 1.000
v179	0.951 1.186 1.538	0.000 0.000 -1.000	0.349 0.643 0.643 1.000
v180	1.244 1.115 1.832	0.000 -1.000 0.000	0.349 0.643 0.643 1.000
v181	0.951 1.115 1.832	0.000 -1.000 0.000	0.349 0.643 0.643 1.000
v182	0.951 1.186 1.832	-1.000 0.000 0.000	0.349 0.643 0.643 1.000
v183	1.244 1.186 1.832	0.000 1.000 0.000	0.349 0.643 0.643 1.000
v184	1.244 1.115 0.177	0.000 0.000 -1.000	0.349 0.643 0.643 1.000
v185	1.244 1.186 0.177	0.000 0.000 -1.000	0.349 0.643 0.643 1.000
v186	0.951 1.115 0.177	0.000 0.000 -1.000	0.349 0.643 0.643 1.000
v187	0.951 1.186 0.177	0.000 0.000 -1.000	0.349 0.643 0.643 1.000
v188	1.244 1.115 0.471	0.000 -1.000 0.000	0.349 0.643 0.643 1.000
v189	0.951 1.115 0.471	0.000 -1.000 0.000	0.349 0.643 0.643 1.000
v190	0.951 1.186 0.471	-1.000 0.000 0.000	0.349 0.643 0.643 1.000
v191	1.244 1.186 0.471	0.000 1.000 0.000	0.349 0.643 0.643 1.000
v192	0.610 1.115 0.720	0.708 0.000 0.706	0.349 0.643 0.643 1.000
v193	0.610 1.186 0.720	0.708 0.000 0.706	0.349 0.643 0.643 1.000
v194	0.817 1.115 0.512	0.708 0.000 0.706	0.349 0.643 0.643 1.000
v195	0.817 1.186 0.512	0.708 0.000 0.706	0.349 0.643 0.643 1.000
v196	0.402 1.115 0.512	0.000 -1.000 0.000	0.349 0.643 0.643 1.000
v197	0.609 1.115 0.305	0.000 -1.000 0.000	0.349 0.643 0.643 1.000
v198	0.609 1.186 0.305	0.706 0.000 -0.708	0.349 0.643 0.643 1.000
v199	0.402 1.186 0.512	0.000 1.000 0.000	0.349 0.643 0.643 1.000
v200	1.574 1.115 1.680	0.708 0.000 0.706	0.349 0.643 0.643 1.000
v201	1.574 1.186 1.680	0.708 0.000 0.706	0.349 0.643 0.643 1.000
v202	1.781 1.115 1.472	0.708 0.000 0.706	0.349 0.643 0.643 1.000
v203	1.781 1.186 1.472	0.708 0.000 0.706	0.349 0.643 0.643 1.000
v204	1.366 1.115 1.473	0.000 -1.000 0.000	0.349 0.643 0.643 1.000
v205	1.573 1.115 1.265	0.000 -1.000 0.000	0.349 0.643 0.643 1.000
v206	1.573 1.186 1.265	0.706 0.000 -0.708	0.349 0.643 0.643 1.000
v207	1.366 1.186 1.473	0.000 1.000 0.000	0.349 0.643 0.643 1.000
v208	0.557 1.115 1.145	1.000 0.000 -0.001	0.349 0.643 0.643 1.000
v209	0.557 1.186 1.145	1.000 0.000 -0.001	0.349 0.643 0.643 1.000
v210	0.556 1.115 0.852	1.000 0.000 -0.001	0.349 0.643 0.643 1.000
v211	0.556 1.186 0.852	1.000 0.000 -0.001	0.349 0.643 0.643 1.000
v212	0.263 1.115 1.145	0.000 -1.000 0.000	0.349 0.643 0.643 1.000
v213	0.263 1.115 0.852	0.000 -1.000 0.000	0.349 0.643 0.643 1.000
v214	0.263 1.186 0.852	-0.001 0.000 -1.000	0.349 0.643 0.643 1.000
v215	0.263 1.186 1.145	0.000 1.000 0.000	0.349 0.643 0.643 1.000
v216	1.917 1.115 1.143	1.000 0.000 -0.001	0.349 0.643 0.643 1.000
v217	1.917 1.186 1.143	1.000 0.000 -0.001	0.349 0.643 0.643 1.000
v218	1.917 1.115 0.850	1.000 0.000 -0.001	0.349 0.643 0.643 1.000
v219	1.917 1.186 0.850	1.000 0.000 -0.001	0.349 0.643 0.643 1.000
v220	1.624 1.115 1.143	0.000 -1.000 0.000	0.349 0.643 0.643 1.000
v221	1.624 1.115 0.850	0.000 -1.000 0.000	0.349 0.643 0.643 1.000
v222	1.624 1.186 0.850	-0.001 0.000 -1.000	0.349 0.643 0.643 1.000
v223	1.624 1.186 1.143	0.000 1.000 0.000	0.349 0.643 0.643 1.000
v224	3.995 -0.065 0.619	-1.000 0.000 -0.001	0.212 0.212 0.212 1.000
v225	3.995 -0.065 1.385	-1.000 0.000 -0.001	0.212 0.212 0.212 1.000
v226	4.535 -0.065 1.926	-0.708 0.000 0.706	0.212 0.212 0.212 1.000
v227	5.301 -0.065 1.927	-0.001 0.000 1.000	0.212 0.212 0.212 1.000
v228	5.842 -0.065 1.387	0.706 0.000 0.708	0.212 0.212 0.212 1.000
v229	5.843 -0.065 0.621	1.000 0.000 0.001	0.212 0.212 0.212 1.000
v230	5.303 -0.065 0.079	0.708 0.000 -0.706	0.212 0.212 0.212 1.000
v231	4.537 -0.065 0.079	0.001 0.000 -1.000	0.212 0.212 0.212 1.000
v232	3.995 0.857 0.619	-1.000 0.000 -0.001	0.212 0.212 0.212 1.000
v233	3.995 0.857 1.385	-1.000 0.000 -0.001	0.212 0.212 0.212 1.000
v234	4.535 0.857 1.926	-0.708 0.000 0.706	0.212 0.212 0.212 1.000
v235	5.301 0.857 1.927	-0.001 0.000 1.000	0.212 0.212 0.212 1.000
v236	5.842 0.857 1.387	0.706 0.000 0.708	0.212 0.212 0.212 1.000
v237	5.843 0.857 0.621	1.000 0.000 0.001	0.212 0.212 0.212 1.000
v238	5.303 0.857 0.079	0.708 0.000 -0.706	0.212 0.212 0.212 1.000
v239	4.537 0.857 0.079	0.001 0.000 -1.000	0.212 0.212 0.212 1.000
v240	3.995 0.865 0.619	0.000 -1.000 0.000	0.545 1.000 1.000 1.000
v241	3.995 0.865 1.385	0.000 -1.000 0.000	0.545 1.000 1.000 1.000
v242	4.535 0.865 1.926	0.000 -1.000 0.000	0.545 1.000 1.000 1.000
v243	5.301 0.865 1.927	0.000 -1.000 0.000	0.545 1.000 1.000 1.000
v244	5.842 0.865 1.387	0.000 -1.000 0.000	0.545 1.000 1.000 1.000
v245	5.843 0.865 0.621	0.000 -1.000 0.000	0.545 1.000 1.000 1.000
v246	5.303 0.865 0.079	0.000 -1.000 0.000	0.545 1.000 1.000 1.000
v247	4.537 0.865 0.079	0.000 -1.000 0.000	0.545 1.000 1.000 1.000
v248	4.444 1.203 0.806	-0.067 0.998 -0.018	0.545 1.000 1.000 1.000
v249	4.443 1.203 1.199	-0.051 0.998 0.021	0.545 1.000 1.000 1.000
v250	4.721 1.203 1.478	-0.042 0.996 0.072	0.545 1.000 1.000 1.000
v251	5.115 1.203 1.478	0.042 0.994 0.102	0.545 1.000 1.000 1.000
v252	5.394 1.203 1.200	0.051 0.998 0.021	0.545 1.000 1.000 1.000
v253	5.394 1.203 0.807	0.068 0.998 -0.018	0.545 1.000 1.000 1.000
v254	5.116 1.203 0.528	0.042 0.996 -0.072	0.545 1.000 1.000 1.000
v255	4.723 1.203 0.528	-0.042 0.994 -0.102	0.545 1.000 1.000 1.000
v256	4.537 1.135 0.079	-0.053 0.990 -0.128	0.545 1.000 1.000 1.000
v257	3.995 1.135 0.619	-0.120 0.990 -0.071	0.545 1.000 1.000 1.000
v258	3.995 1.135 1.385	-0.128 0.990 0.053	0.545 1.000 1.000 1.000
v259	4.535 1.135 1.926	-0.035 0.990 0.135	0.545 1.000 1.000 1.000
v260	5.301 1.135 1.927	0.053 0.990 0.128	0.545 1.000 1.000 1.000
v261	5.842 1.135 1.387	0.127 0.990 0.053	0.545 1.000 1.000 1.000
v262	5.843 1.135 0.621	0.120 0.990 -0.070	0.545 1.000 1.000 1.000
v263	5.303 1.135 0.079	0.035 0.990 -0.135	0.545 1.000 1.000 1.000
v264	4.643 1.115 1.482	0.710 0.000 -0.704	0.349 0.643 0.643 1.000
v265	4.643 1.186 1.482	0.710 0.000 -0.704	0.349 0.643 0.643 1.000
v266	4.436 1.115 1.274	0.710 0.000 -0.704	0.349 0.643 0.643 1.000
v267	4.436 1.186 1.274	0.710 0.000 -0.704	0.349 0.643 0.643 1.000
v268	4.435 1.115 1.689	0.000 -1.000 0.000	0.349 0.643 0.643 1.000
v269	4.228 1.115 1.481	0.000 -1.000 0.000	0.349 0.643 0.643 1.000
v270	4.228 1.186 1.481	-0.704 0.000 -0.710	0.349 0.643 0.643 1.000
v271	4.435 1.186 1.689	0.000 1.000 0.000	0.349 0.643 0.643 1.000
v272	5.609 1.115 0.524	0.710 0.000 -0.704	0.349 0.643 0.643 1.000
v273	5.609 1.186 0.524	0.710 0.000 -0.704	0.349 0.643 0.643 1.000
v274	5.403 1.115 0.316	0.710 0.000 -0.704	0.349 0.643 0.643 1.000
v275	5.403 1.186 0.316	0.710 0.000 -0.704	0.349 0.643 0.643 1.000
v276	5.401 1.115 0.731	0.000 -1.000 0.000	0.349 0.643 0.643 1.000
v277	5.194 1.115 0.522	0.000 -1.000 0.000	0.349 0.643 0.643 1.000
v278	5.194 1.186 0.522	-0.704 0.000 -0.710	0.349 0.643 0.643 1.000
v279	5.401 1.186 0.731	0.000 1.000 0.000	0.349 0.643 0.643 1.000
v280	5.071 1.115 1.538	0.000 0.000 -1.000	0.349 0.643 0.643 1.000
v281	5.071 1.186 1.538	0.000 0.000 -1.000	0.349 0.643 0.643 1.000
v282	4.777 1.115 1.538	0.000 0.000 -1.000	0.349 0.643 0.643 1.000
v283	4.777 1.186 1.538	0.000 0.000 -1.000	0.349 0.643 0.643 1.000
v284	5.071 1.115 1.832	0.000 -1.000 0.000	0.349 0.643 0.643 1.000
v285	4.777 1.115 1.832	0.000 -1.000 0.000	0.349 0.643 0.643 1.000
v286	4.777 1.186 1.832	-1.000 0.000 0.000	0.349 0.643 0.643 1.000
v287	5.071 1.186 1.832	0.000 1.000 0.000	0.349 0.643 0.643 1.000
v288	5.071 1.115 0.177	0.000 0.000 -1.000	0.349 0.643 0.643 1.000
v289	5.071 1.186 0.177	0.000 0.000 -1.000	0.349 0.643 0.643 1.000
v290	4.777 1.115 0.177	0.000 0.000 -1.000	0.349 0.643 0.643 1.000
v291	4.777 1.186 0.177	0.000 0.000 -1.000	0.349 0.643 0.643 1.000
v292	5.071 1.115 0.471	0.000 -1.000 0.000	0.349 0.643 0.643 1.000
v293	4.777 1.115 0.471	0.000 -1.000 0.000	0.349 0.643 0.643 1.000
v294	4.777 1.186 0.471	-1.000 0.000 0.000	0.349 0.643 0.643 1.000
v295	5.071 1.186 0.471	0.000 1.000 0.000	0.349 0.643 0.643 1.000
v296	4.436 1.115 0.720	0.708 0.000 0.706	0.349 0.643 0.643 1.000
v297	4.436 1.186 0.720	0.708 0.000 0.706	0.349 0.643 0.643 1.000
v298	4.643 1.115 0.512	0.708 0.000 0.706	0.349 0.643 0.643 1.000
v299	4.643 1.186 0.512	0.708 0.000 0.706	0.349 0.643 0.643 1.000
v300	4.228 1.115 0.512	0.000 -1.000 0.000	0.349 0.643 0.643 1.000
v301	4.435 1.115 0.305	0.000 -1.000 0.000	0.349 0.643 0.643 1.000
v302	4.435 1.186 0.305	0.706 0.000 -0.708	0.349 0.643 0.643 1.000
v303	4.228 1.186 0.512	0.000 1.000 0.000	0.349 0.643 0.643 1.000
v304	5.400 1.115 1.680	0.708 0.000 0.706	0.349 0.643 0.643 1.000
v305	5.400 1.186 1.680	0.708 0.000 0.706	0.349 0.643 0.643 1.000
v306	5.607 1.115 1.472	0.708 0.000 0.706	0.349 0.643 0.643 1.000
v307	5.607 1.186 1.472	0.708 0.000 0.706	0.349 0.643 0.643 1.000
v308	5.192 1.115 1.473	0.000 -1.000 0.000	0.349 0.643 0.643 1.000
v309	5.399 1.115 1.265	0.000 -1.000 0.000	0.349 0.643 0.643 1.000
v310	5.399 1.186 1.265	0.706 0.000 -0.708	0.349 0.643 0.643 1.000
v311	5.192 1.186 1.473	0.000 1.000 0.000	0.349 0.643 0.643 1.000
v312	4.383 1.115 1.145	1.000 0.000 -0.001	0.349 0.643 0.643 1.000
v313	4.383 1.186 1.145	1.000 0.000 -0.001	0.349 0.643 0.643 1.000
v314	4.383 1.115 0.852	1.000 0.000 -0.001	0.349 0.643 0.643 1.000
v315	4.383 1.186 0.852	1.000 0.000 -0.001	0.349 0.643 0.643 1.000
v316	4.090 1.115 1.145	0.000 -1.000 0.000	0.349 0.643 0.643 1.000
v317	4.089 1.115 0.852	0.000 -1.000 0.000	0.349 0.643 0.643 1.000
v318	4.089 1.186 0.852	-0.001 0.000 -1.000	0.349 0.643 0.643 1.000
v319	4.090 1.186 1.145	0.000 1.000 0.000	0.349 0.643 0.643 1.000
v320	5.744 1.115 1.143	1.000 0.000 -0.001	0.349 0.643 0.643 1.000
v321	5.744 1.186 1.143	1.000 0.000 -0.001	0.349 0.643 0.643 1.000
v322	5.743 1.115 0.850	1.000 0.000 -0.001	0.349 0.643 0.643 1.000
v323	5.743 1.186 0.850	1.000 0.000 -0.001	0.349 0.643 0.643 1.000
v324	5.450 1.115 1.143	0.000 -1.000 0.000	0.349 0.643 0.643 1.000
v325	5.450 1.115 0.850	0.000 -1.000 0.000	0.349 0.643 0.643 1.000
v326	5.450 1.186 0.850	-0.001 0.000 -1.000	0.349 0.643 0.643 1.000
v327	5.450 1.186 1.143	0.000 1.000 0.000	0.349 0.643 0.643 1.000
v328	3.969 0.543 1.000	0.000 0.996 -0.089	0.784 0.796 1.000 0.510
v329	2.044 0.543 1.000	0.000 0.996 0.089	0.784 0.796 1.000 0.510
v330	3.969 0.526 0.934	1.000 0.000 0.000	0.784 0.796 1.000 0.510
v331	3.969 0.526 1.066	1.000 0.000 0.000	0.784 0.796 1.000 0.510
v332	3.969 0.543 1.000	1.000 0.000 0.000	0.784 0.796 1.000 0.510
v333	3.969 0.478 1.114	1.000 0.000 0.000	0.784 0.796 1.000 0.510
v334	3.969 0.478 0.886	1.000 0.000 0.000	0.784 0.796 1.000 0.510
v335	3.969 0.412 1.132	1.000 0.000 0.000	0.784 0.796 1.000 0.510
v336	3.969 0.412 0.868	1.000 0.000 0.000	0.784 0.796 1.000 0.510
v337	3.969 0.346 1.114	1.000 0.000 0.000	0.784 0.796 1.000 0.510
v338	3.969 0.346 0.886	1.000 0.000 0.000	0.784 0.796 1.000 0.510
v339	3.969 0.297 1.066	1.000 0.000 0.000	0.784 0.796 1.000 0.510
v340	3.969 0.297 0.934	1.000 0.000 0.000	0.784 0.796 1.000 0.510
v341	3.969 0.280 1.000	1.000 0.000 0.000	0.784 0.796 1.000 0.510
v342	2.044 0.526 0.934	-1.000 0.000 0.000	0.784 0.796 1.000 0.510
v343	2.044 0.543 1.000	-1.000 0.000 0.000	0.784 0.796 1.000 0.510
v344	2.044 0.526 1.066	-1.000 0.000 0.000	0.784 0.796 1.000 0.510
v345	2.044 0.478 1.114	-1.000 0.000 0.000	0.784 0.796 1.000 0.510
v346	2.044 0.478 0.886	-1.000 0.000 0.000	0.784 0.796 1.000 0.510
v347	2.044 0.412 1.132	-1.000 0.000 0.000	0.784 0.796 1.000 0.510
v348	2.044 0.412 0.868	-1.000 0.000 0.000	0.784 0.796 1.000 0.510
v349	2.044 0.346 1.114	-1.000 0.000 0.000	0.784 0.796 1.000 0.510
v350	2.044 0.346 0.886	-1.000 0.000 0.000	0.784 0.796 1.000 0.510
v351	2.044 0.297 1.066	-1.000 0.000 0.000	0.784 0.796 1.000 0.510
v352	2.044 0.297 0.934	-1.000 0.000 0.000	0.784 0.796 1.000 0.510
v353	2.044 0.280 1.000	-1.000 0.000 0.000	0.784 0.796 1.000 0.510
v354	3.312 0.264 1.064	0.000 -0.701 0.713	0.212 0.212 0.212 1.000
v355	3.358 0.264 1.064	0.000 -0.701 0.713	0.212 0.212 0.212 1.000
v356	3.312 0.353 1.151	0.000 0.008 1.000	0.212 0.212 0.212 1.000
v357	3.358 0.353 1.151	0.000 0.008 1.000	0.212 0.212 0.212 1.000
v358	3.358 0.477 1.150	0.001 0.713 0.701	0.212 0.212 0.212 1.000
v359	3.312 0.477 1.150	0.001 0.713 0.701	0.212 0.212 0.212 1.000
v360	3.358 0.564 1.062	0.001 1.000 -0.008	0.212 0.212 0.212 1.000
v361	3.312 0.564 1.062	0.001 1.000 -0.008	0.212 0.212 0.212 1.000
v362	3.358 0.563 0.937	0.000 0.701 -0.713	0.212 0.212 0.212 1.000
v363	3.312 0.563 0.937	0.000 0.701 -0.713	0.212 0.212 0.212 1.000
v364	3.358 0.475 0.850	0.000 -0.008 -1.000	0.212 0.212 0.212 1.000
v365	3.312 0.475 0.850	0.000 -0.008 -1.000	0.212 0.212 0.212 1.000
v366	3.312 0.351 0.851	-0.001 -0.713 -0.701	0.212 0.212 0.212 1.000
v367	3.312 0.263 0.940	-0.001 -0.713 -0.701	0.212 0.212 0.212 1.000
v368	3.358 0.263 0.940	-0.001 -0.713 -0.701	0.212 0.212 0.212 1.000
v369	3.358 0.350 0.851	-0.001 -0.713 -0.701	0.212 0.212 0.212 1.000
v370	3.312 0.563 0.937	-1.000 0.000 0.000	0.212 0.212 0.212 1.000
v371	3.312 0.564 1.062	-1.000 0.000 0.000	0.212 0.212 0.212 1.000
v372	3.312 0.477 1.150	-1.000 0.000 0.000	0.212 0.212 0.212 1.000
v373	3.312 0.353 1.151	-1.000 0.000 0.000	0.212 0.212 0.212 1.000
v374	3.312 0.264 1.064	-1.000 0.000 0.000	0.212 0.212 0.212 1.000
v375	3.312 0.475 0.850	-1.000 0.000 0.000	0.212 0.212 0.212 1.000
v376	3.312 0.351 0.851	-1.000 0.000 0.000	0.212 0.212 0.212 1.000
v377	3.312 0.263 0.940	-1.000 0.000 0.000	0.212 0.212 0.212 1.000
v378	3.358 0.564 1.062	1.000 0.000 0.000	0.212 0.212 0.212 1.000
v379	3.358 0.563 0.937	1.000 0.000 0.000	0.212 0.212 0.212 1.000
v380	3.358 0.477 1.150	1.000 0.000 0.000	0.212 0.212 0.212 1.000
v381	3.358 0.353 1.151	1.000 0.000 0.000	0.212 0.212 0.212 1.000
v382	3.358 0.264 1.064	1.000 0.000 0.000	0.212 0.212 0.212 1.000
v383	3.358 0.475 0.850	1.000 0.000 0.000	0.212 0.212 0.212 1.000
v384	3.358 0.350 0.851	1.000 0.000 0.000	0.212 0.212 0.212 1.000
v385	3.358 0.263 0.940	1.000 0.000 0.000	0.212 0.212 0.212 1.000
v386	3.312 0.287 0.949	0.001 1.000 -0.008	0.212 0.212 0.212 1.000
v387	3.358 0.288 1.054	0.001 1.000 -0.008	0.212 0.212 0.212 1.000
v388	3.312 0.288 1.054	0.001 1.000 -0.008	0.212 0.212 0.212 1.000
v389	3.358 0.287 0.949	0.001 1.000 -0.008	0.212 0.212 0.212 1.000
v390	3.358 0.362 1.128	0.000 0.701 -0.713	0.212 0.212 0.212 1.000
v391	3.312 0.362 1.128	0.000 0.701 -0.713	0.212 0.212 0.212 1.000
v392	3.312 0.288 1.054	0.000 0.701 -0.713	0.212 0.212 0.212 1.000
v393	3.358 0.288 1.054	0.000 0.701 -0.713	0.212 0.212 0.212 1.000
v394	3.358 0.467 1.127	0.000 -0.008 -1.000	0.212 0.212 0.212 1.000
v395	3.312 0.467 1.127	0.000 -0.008 -1.000	0.212 0.212 0.212 1.000
v396	3.312 0.362 1.128	0.000 -0.008 -1.000	0.212 0.212 0.212 1.000
v397	3.358 0.362 1.128	0.000 -0.008 -1.000	0.212 0.212 0.212 1.000
v398	3.312 0.541 1.052	-0.001 -0.713 -0.701	0.212 0.212 0.212 1.000
v399	3.312 0.467 1.127	-0.001 -0.713 -0.701	0.212 0.212 0.212 1.000
v400	3.358 0.467 1.127	-0.001 -0.713 -0.701	0.212 0.212 0.212 1.000
v401	3.358 0.541 1.052	-0.001 -0.713 -0.701	0.212 0.212 0.212 1.000
v402	3.312 0.540 0.947	-0.001 -1.000 0.008	0.212 0.212 0.212 1.000
v403	3.312 0.541 1.052	-0.001 -1.000 0.008	0.212 0.212 0.212 1.000
v404	3.358 0.541 1.052	-0.001 -1.000 0.008	0.212 0.212 0.212 1.000
v405	3.358 0.540 0.947	-0.001 -1.000 0.008	0.212 0.212 0.212 1.000
v406	3.358 0.540 0.947	0.000 -0.701 0.713	0.212 0.212 0.212 1.000
v407	3.312 0.465 0.874	0.000 -0.701 0.713	0.212 0.212 0.212 1.000
v408	3.312 0.540 0.947	0.000 -0.701 0.713	0.212 0.212 0.212 1.000
v409	3.358 0.465 0.874	0.000 -0.701 0.713	0.212 0.212 0.212 1.000
v410	3.358 0.465 0.874	0.000 0.008 1.000	0.212 0.212 0.212 1.000
v411	3.312 0.360 0.875	0.000 0.008 1.000	0.212 0.212 0.212 1.000
v412	3.312 0.465 0.874	0.000 0.008 1.000	0.212 0.212 0.212 1.000
v413	3.358 0.360 0.874	0.000 0.008 1.000	0.212 0.212 0.212 1.000
v414	3.312 0.360 0.875	0.001 0.713 0.701	0.212 0.212 0.212 1.000
v415	3.358 0.287 0.949	0.001 0.713 0.701	0.212 0.212 0.212 1.000
v416	3.312 0.287 0.949	0.001 0.713 0.701	0.212 0.212 0.212 1.000
v417	3.358 0.360 0.874	0.001 0.713 0.701	0.212 0.212 0.212 1.000
v418	2.669 0.264 1.064	0.000 -0.701 0.713	0.212 0.212 0.212 1.000
v419	2.714 0.264 1.064	0.000 -0.701 0.713	0.212 0.212 0.212 1.000
v420	2.669 0.353 1.151	0.000 0.008 1.000	0.212 0.212 0.212 1.000
v421	2.714 0.353 1.151	0.000 0.008 1.000	0.212 0.212 0.212 1.000
v422	2.714 0.477 1.150	0.001 0.713 0.701	0.212 0.212 0.212 1.000
v423	2.669 0.477 1.150	0.001 0.713 0.701	0.212 0.212 0.212 1.000
v424	2.714 0.564 1.062	0.001 1.000 -0.008	0.212 0.212 0.212 1.000
v425	2.669 0.564 1.062	0.001 1.000 -0.008	0.212 0.212 0.212 1.000
v426	2.714 0.563 0.937	0.000 0.701 -0.713	0.212 0.212 0.212 1.000
v427	2.669 0.563 0.937	0.000 0.701 -0.713	0.212 0.212 0.212 1.000
v428	2.714 0.475 0.850	0.000 -0.008 -1.000	0.212 0.212 0.212 1.000
v429	2.669 0.475 0.850	0.000 -0.008 -1.000	0.212 0.212 0.212 1.000
v430	2.669 0.351 0.851	-0.001 -0.713 -0.701	0.212 0.212 0.212 1.000
v431	2.669 0.263 0.940	-0.001 -0.713 -0.701	0.212 0.212 0.212 1.000
v432	2.714 0.263 0.940	-0.001 -0.713 -0.701	0.212 0.212 0.212 1.000
v433	2.714 0.351 0.851	-0.001 -0.713 -0.701	0.212 0.212 0.212 1.000
v434	2.669 0.563 0.937	-1.000 0.000 0.000	0.212 0.212 0.212 1.000
v435	2.669 0.564 1.062	-1.000 0.000 0.000	0.212 0.212 0.212 1.000
v436	2.669 0.477 1.150	-1.000 0.000 0.000	0.212 0.212 0.212 1.000
v437	2.669 0.353 1.151	-1.000 0.000 0.000	0.212 0.212 0.212 1.000
v438	2.669 0.264 1.064	-1.000 0.000 0.000	0.212 0.212 0.212 1.000
v439	2.669 0.475 0.850	-1.000 0.000 0.000	0.212 0.212 0.212 1.000
v440	2.669 0.351 0.851	-1.000 0.000 0.000	0.212 0.212 0.212 1.000
v441	2.669 0.263 0.940	-1.000 0.000 0.000	0.212 0.212 0.212 1.000
v442	2.714 0.564 1.062	1.000 0.000 0.000	0.212 0.212 0.212 1.000
v443	2.714 0.563 0.937	1.000 0.000 0.000	0.212 0.212 0.212 1.000
v444	2.714 0.477 1.150	1.000 0.000 0.000	0.212 0.212 0.212 1.000
v445	2.714 0.353 1.151	1.000 0.000 0.000	0.212 0.212 0.212 1.000
v446	2.714 0.264 1.064	1.000 0.000 0.000	0.212 0.212 0.212 1.000
v447	2.714 0.475 0.850	1.000 0.000 0.000	0.212 0.212 0.212 1.000
v448	2.714 0.351 0.851	1.000 0.000 0.000	0.212 0.212 0.212 1.000
v449	2.714 0.263 0.940	1.000 0.000 0.000	0.212 0.212 0.212 1.000
v450	2.669 0.287 0.949	0.001 1.000 -0.008	0.212 0.212 0.212 1.000
v451	2.714 0.288 1.054	0.001 1.000 -0.008	0.212 0.212 0.212 1.000
v452	2.669 0.288 1.054	0.001 1.000 -0.008	0.212 0.212 0.212 1.000
v453	2.714 0.287 0.949	0.001 1.000 -0.008	0.212 0.212 0.212 1.000
v454	2.714 0.362 1.128	0.000 0.701 -0.713	0.212 0.212 0.212 1.000
v455	2.669 0.362 1.128	0.000 0.701 -0.713	0.212 0.212 0.212 1.000
v456	2.669 0.288 1.054	0.000 0.701 -0.713	0.212 0.212 0.212 1.000
v457	2.714 0.288 1.054	0.000 0.701 -0.713	0.212 0.212 0.212 1.000
v458	2.714 0.467 1.127	0.000 -0.008 -1.000	0.212 0.212 0.212 1.000
v459	2.669 0.467 1.127	0.000 -0.008 -1.000	0.212 0.212 0.212 1.000
v460	2.669 0.362 1.128	0.000 -0.008 -1.000	0.212 0.212 0.212 1.000
v461	2.714 0.362 1.128	0.000 -0.008 -1.000	0.212 0.212 0.212 1.000
v462	2.669 0.541 1.052	-0.001 -0.713 -0.701	0.212 0.212 0.212 1.000
v463	2.669 0.467 1.127	-0.001 -0.713 -0.701	0.212 0.212 0.212 1.000
v464	2.714 0.467 1.127	-0.001 -0.713 -0.701	0.212 0.212 0.212 1.000
v465	2.714 0.541 1.052	-0.001 -0.713 -0.701	0.212 0.212 0.212 1.000
v466	2.669 0.540 0.947	-0.001 -1.000 0.008	0.212 0.212 0.212 1.000
v467	2.669 0.541 1.052	-0.001 -1.000 0.008	0.212 0.212 0.212 1.000
v468	2.714 0.541 1.052	-0.001 -1.000 0.008	0.212 0.212 0.212 1.000
v469	2.714 0.540 0.947	-0.001 -1.000 0.008	0.212 0.212 0.212 1.000
v470	2.714 0.540 0.947	0.000 -0.701 0.713	0.212 0.212 0.212 1.000
v471	2.669 0.465 0.874	0.000 -0.701 0.713	0.212 0.212 0.212 1.000
v472	2.669 0.540 0.947	0.000 -0.701 0.713	0.212 0.212 0.212 1.000
v473	2.714 0.465 0.874	0.000 -0.701 0.713	0.212 0.212 0.212 1.000
v474	2.714 0.465 0.874	0.000 0.008 1.000	0.212 0.212 0.212 1.000
v475	2.669 0.360 0.875	0.000 0.008 1.000	0.212 0.212 0.212 1.000
v476	2.669 0.465 0.874	0.000 0.008 1.000	0.212 0.212 0.212 1.000
v477	2.714 0.360 0.874	0.000 0.008 1.000	0.212 0.212 0.212 1.000
v478	2.669 0.360 0.875	0.001 0.713 0.701	0.212 0.212 0.212 1.000
v479	2.714 0.287 0.949	0.001 0.713 0.701	0.212 0.212 0.212 1.000
v480	2.669 0.287 0.949	0.001 0.713 0.701	0.212 0.212 0.212 1.000
v481	2.714 0.360 0.874	0.001 0.713 0.701	0.212 0.212 0.212 1.000
v482	2.015 0.377 0.852	-1.000 0.000 0.000	0.212 0.212 0.212 1.000
v483	2.015 0.424 0.852	-1.000 0.000 0.000	0.212 0.212 0.212 1.000
v484	4.015 0.424 0.852	0.000 1.000 0.000	0.212 0.212 0.212 1.000
v485	2.015 0.424 0.870	0.000 1.000 0.000	0.212 0.212 0.212 1.000
v486	2.015 0.424 0.852	0.000 1.000 0.000	0.212 0.212 0.212 1.000
v487	4.015 0.424 0.870	1.000 0.000 0.000	0.212 0.212 0.212 1.000
v488	4.015 0.424 0.852	1.000 0.000 0.000	0.212 0.212 0.212 1.000
v489	4.015 0.377 0.852	1.000 0.000 0.000	0.212 0.212 0.212 1.000
v490	4.015 0.377 0.852	0.000 -1.000 0.000	0.212 0.212 0.212 1.000
v491	2.015 0.377 0.870	0.000 -1.000 0.000	0.212 0.212 0.212 1.000
v492	4.015 0.377 0.870	0.000 -1.000 0.000	0.212 0.212 0.212 1.000
v493	2.015 0.377 0.852	0.000 -1.000 0.000	0.212 0.212 0.212 1.000
v494	4.015 0.377 0.870	0.000 0.000 1.000	0.212 0.212 0.212 1.000
v495	2.015 0.377 0.870	0.000 0.000 1.000	0.212 0.212 0.212 1.000
v496	2.015 0.424 0.870	0.000 0.000 1.000	0.212 0.212 0.212 1.000
v497	4.015 0.424 0.870	0.000 0.000 1.000	0.212 0.212 0.212 1.000
v498	2.015 0.377 1.133	-1.000 0.000 0.000	0.212 0.212 0.212 1.000
v499	2.015 0.424 1.133	-1.000 0.000 0.000	0.212 0.212 0.212 1.000
v500	4.015 0.424 1.133	0.000 1.000 0.000	0.212 0.212 0.212 1.000
v501	2.015 0.424 1.151	0.000 1.000 0.000	0.212 0.212 0.212 1.000
v502	2.015 0.424 1.133	0.000 1.000 0.000	0.212 0.212 0.212 1.000
v503	4.015 0.424 1.151	1.000 0.000 0.000	0.212 0.212 0.212 1.000
v504	4.015 0.424 1.133	1.000 0.000 0.000	0.212 0.212 0.212 1.000
v505	4.015 0.377 1.133	1.000 0.000 0.000	0.212 0.212 0.212 1.000
v506	2.015 0.377 1.133	0.000 -1.000 0.000	0.212 0.212 0.212 1.000
v507	2.015 0.377 1.151	0.000 -1.000 0.000	0.212 0.212 0.212 1.000
v508	4.015 0.377 1.151	0.000 -1.000 0.000	0.212 0.212 0.212 1.000
v509	4.015 0.377 1.133	0.000 -1.000 0.000	0.212 0.212 0.212 1.000
v510	4.015 0.377 1.151	0.000 0.000 1.000	0.212 0.212 0.212 1.000
v511	2.015 0.377 1.151	0.000 0.000 1.000	0.212 0.212 0.212 1.000
v512	2.015 0.424 1.151	0.000 0.000 1.000	0.212 0.212 0.212 1.000
v513	4.015 0.424 1.151	0.000 0.000 1.000	0.212 0.212 0.212 1.000
v514	3.892 0.232 0.823	0.000 -1.000 0.000	0.212 0.212 0.212 1.000
v515	4.016 0.232 0.823	0.000 -1.000 0.000	0.212 0.212 0.212 1.000
v516	3.892 0.232 0.823	-1.000 0.000 0.000	0.212 0.212 0.212 1.000
v517	3.892 0.582 0.823	-1.000 0.000 0.000	0.212 0.212 0.212 1.000
v518	3.892 0.232 1.174	-1.000 0.000 0.000	0.212 0.212 0.212 1.000
v519	4.016 0.582 0.823	0.000 1.000 0.000	0.212 0.212 0.212 1.000
v520	3.892 0.582 1.174	0.000 1.000 0.000	0.212 0.212 0.212 1.000
v521	3.892 0.582 0.823	0.000 1.000 0.000	0.212 0.212 0.212 1.000
v522	4.016 0.232 1.174	0.000 0.000 1.000	0.212 0.212 0.212 1.000
v523	3.892 0.232 1.174	0.000 0.000 1.000	0.212 0.212 0.212 1.000
v524	3.892 0.582 1.174	0.000 0.000 1.000	0.212 0.212 0.212 1.000
v525	4.016 0.582 1.174	0.000 0.000 1.000	0.212 0.212 0.212 1.000
v526	4.016 0.232 0.823	1.000 0.000 0.000	0.212 0.212 0.212 1.000
v527	4.016 0.582 1.174	1.000 0.000 0.000	0.212 0.212 0.212 1.000
v528	4.016 0.582 0.823	1.000 0.000 0.000	0.212 0.212 0.212 1.000
v529	4.016 0.232 1.174	1.000 0.000 0.000	0.212 0.212 0.212 1.000
v530	2.000 0.232 0.823	0.000 -1.000 0.000	0.212 0.212 0.212 1.000
v531	2.124 0.232 0.823	0.000 -1.000 0.000	0.212 0.212 0.212 1.000
v532	2.000 0.232 0.823	-1.000 0.000 0.000	0.212 0.212 0.212 1.000
v533	2.000 0.582 0.823	-1.000 0.000 0.000	0.212 0.212 0.212 1.000
v534	2.000 0.232 1.174	-1.000 0.000 0.000	0.212 0.212 0.212 1.000
v535	2.124 0.582 0.823	0.000 1.000 0.000	0.212 0.212 0.212 1.000
v536	2.000 0.582 1.174	0.000 1.000 0.000	0.212 0.212 0.212 1.000
v537	2.000 0.582 0.823	0.000 1.000 0.000	0.212 0.212 0.212 1.000
v538	2.124 0.232 1.174	0.000 0.000 1.000	0.212 0.212 0.212 1.000
v539	2.000 0.232 1.174	0.000 0.000 1.000	0.212 0.212 0.212 1.000
v540	2.000 0.582 1.174	0.000 0.000 1.000	0.212 0.212 0.212 1.000
v541	2.124 0.582 1.174	0.000 0.000 1.000	0.212 0.212 0.212 1.000
v542	2.124 0.232 0.823	1.000 0.000 0.000	0.212 0.212 0.212 1.000
v543	2.124 0.582 1.174	1.000 0.000 0.000	0.212 0.212 0.212 1.000
v544	2.124 0.582 0.823	1.000 0.000 0.000	0.212 0.212 0.212 1.000
v545	2.124 0.232 1.174	1.000 0.000 0.000	0.212 0.212 0.212 1.000
v546	0.168 -0.065 1.385	-0.708 0.000 0.706	0.212 0.212 0.212 1.000
v547	0.168 0.857 1.385	-0.708 0.000 0.706	0.212 0.212 0.212 1.000
v548	0.708 -0.065 1.926	-0.001 0.000 1.000	0.212 0.212 0.212 1.000
v549	0.708 0.857 1.926	-0.001 0.000 1.000	0.212 0.212 0.212 1.000
v550	1.474 -0.065 1.927	0.706 0.000 0.708	0.212 0.212 0.212 1.000
v551	1.474 0.857 1.927	0.706 0.000 0.708	0.212 0.212 0.212 1.000
v552	2.016 0.857 1.387	1.000 0.000 0.001	0.212 0.212 0.212 1.000
v553	2.016 -0.065 1.387	1.000 0.000 0.001	0.212 0.212 0.212 1.000
v554	2.016 0.857 0.621	0.708 0.000 -0.706	0.212 0.212 0.212 1.000
v555	2.016 -0.065 0.621	0.708 0.000 -0.706	0.212 0.212 0.212 1.000
v556	1.476 0.857 0.079	0.001 0.000 -1.000	0.212 0.212 0.212 1.000
v557	1.476 -0.065 0.079	0.001 0.000 -1.000	0.212 0.212 0.212 1.000
v558	0.710 -0.065 0.079	-0.706 0.000 -0.708	0.212 0.212 0.212 1.000
v559	0.169 0.857 0.619	-0.706 0.000 -0.708	0.212 0.212 0.212 1.000
v560	0.169 -0.065 0.619	-0.706 0.000 -0.708	0.212 0.212 0.212 1.000
v561	0.710 0.857 0.079	-0.706 0.000 -0.708	0.212 0.212 0.212 1.000
v562	2.016 0.857 1.387	0.000 1.000 0.000	0.212 0.212 0.212 1.000
v563	1.474 0.857 1.927	0.000 1.000 0.000	0.212 0.212 0.212 1.000
v564	0.708 0.857 1.926	0.000 1.000 0.000	0.212 0.212 0.212 1.000
v565	0.168 0.857 1.385	0.000 1.000 0.000	0.212 0.212 0.212 1.000
v566	2.016 0.857 0.621	0.000 1.000 0.000	0.212 0.212 0.212 1.000
v567	0.169 0.857 0.619	0.000 1.000 0.000	0.212 0.212 0.212 1.000
v568	1.476 0.857 0.079	0.000 1.000 0.000	0.212 0.212 0.212 1.000
v569	0.710 0.857 0.079	0.000 1.000 0.000	0.212 0.212 0.212 1.000
v570	2.016 -0.065 1.387	0.000 -1.000 0.000	0.212 0.212 0.212 1.000
v571	0.708 -0.065 1.926	0.000 -1.000 0.000	0.212 0.212 0.212 1.000
v572	1.474 -0.065 1.927	0.000 -1.000 0.000	0.212 0.212 0.212 1.000
v573	0.168 -0.065 1.385	0.000 -1.000 0.000	0.212 0.212 0.212 1.000
v574	2.016 -0.065 0.621	0.000 -1.000 0.000	0.212 0.212 0.212 1.000
v575	0.169 -0.065 0.619	0.000 -1.000 0.000	0.212 0.212 0.212 1.000
v576	1.476 -0.065 0.079	0.000 -1.000 0.000	0.212 0.212 0.212 1.000
v577	0.710 -0.065 0.079	0.000 -1.000 0.000	0.212 0.212 0.212 1.000
v578	0.896 1.203 0.528	-0.042 0.994 -0.102	0.545 1.000 1.000 1.000
v579	0.710 1.135 0.079	-0.053 0.990 -0.128	0.545 1.000 1.000 1.000
v580	1.567 1.203 1.200	0.051 0.998 0.021	0.212 0.212 0.212 1.000
v581	1.288 1.203 1.478	0.042 0.994 0.102	0.212 0.212 0.212 1.000
v582	0.895 1.203 1.478	-0.042 0.996 0.072	0.212 0.212 0.212 1.000
v583	0.617 1.203 1.199	-0.051 0.998 0.021	0.212 0.212 0.212 1.000
v584	1.567 1.203 0.807	0.068 0.998 -0.018	0.212 0.212 0.212 1.000
v585	0.617 1.203 0.806	-0.067 0.998 -0.018	0.212 0.212 0.212 1.000
v586	1.289 1.203 0.528	0.042 0.996 -0.072	0.212 0.212 0.212 1.000
v587	0.896 1.203 0.528	-0.042 0.994 -0.102	0.212 0.212 0.212 1.000
v588	0.710 1.135 0.079	-0.706 0.000 -0.708	0.545 1.000 1.000 1.000
v589	0.169 1.135 0.619	-0.706 0.000 -0.708	0.545 1.000 1.000 1.000
v590	0.169 0.865 0.619	-0.706 0.000 -0.708	0.545 1.000 1.000 1.000
v591	0.710 0.865 0.079	-0.706 0.000 -0.708	0.545 1.000 1.000 1.000
v592	0.169 0.865 0.619	-1.000 0.000 -0.001	0.545 1.000 1.000 1.000
v593	0.169 1.135 0.619	-1.000 0.000 -0.001	0.545 1.000 1.000 1.000
v594	0.168 1.135 1.385	-1.000 0.000 -0.001	0.545 1.000 1.000 1.000
v595	0.168 0.865 1.385	-1.000 0.000 -0.001	0.545 1.000 1.000 1.000
v596	0.168 0.865 1.385	-0.708 0.000 0.706	0.545 1.000 1.000 1.000
v597	0.168 1.135 1.385	-0.708 0.000 0.706	0.545 1.000 1.000 1.000
v598	0.708 1.135 1.926	-0.708 0.000 0.706	0.545 1.000 1.000 1.000
v599	0.708 0.865 1.926	-0.708 0.000 0.706	0.545 1.000 1.000 1.000
v600	1.474 0.865 1.927	-0.001 0.000 1.000	0.545 1.000 1.000 1.000
v601	0.708 0.865 1.926	-0.001 0.000 1.000	0.545 1.000 1.000 1.000
v602	0.708 1.135 1.926	-0.001 0.000 1.000	0.545 1.000 1.000 1.000
v603	1.474 1.135 1.927	-0.001 0.000 1.000	0.545 1.000 1.000 1.000
v604	2.016 0.865 1.387	0.706 0.000 0.708	0.545 1.000 1.000 1.000
v605	1.474 0.865 1.927	0.706 0.000 0.708	0.545 1.000 1.000 1.000
v606	1.474 1.135 1.927	0.706 0.000 0.708	0.545 1.000 1.000 1.000
v607	2.016 1.135 1.387	0.706 0.000 0.708	0.545 1.000 1.000 1.000
v608	2.016 0.865 0.621	1.000 0.000 0.001	0.545 1.000 1.000 1.000
v609	2.016 1.135 1.387	1.000 0.000 0.001	0.545 1.000 1.000 1.000
v610	2.016 1.135 0.621	1.000 0.000 0.001	0.545 1.000 1.000 1.000
v611	2.016 0.865 1.387	1.000 0.000 0.001	0.545 1.000 1.000 1.000
v612	1.476 0.865 0.079	0.708 0.000 -0.706	0.545 1.000 1.000 1.000
v613	2.016 1.135 0.621	0.708 0.000 -0.706	0.545 1.000 1.000 1.000
v614	1.476 1.135 0.079	0.708 0.000 -0.706	0.545 1.000 1.000 1.000
v615	2.016 0.865 0.621	0.708 0.000 -0.706	0.545 1.000 1.000 1.000
v616	1.476 1.135 0.079	0.001 0.000 -1.000	0.545 1.000 1.000 1.000
v617	0.710 1.135 0.079	0.001 0.000 -1.000	0.545 1.000 1.000 1.000
v618	0.710 0.865 0.079	0.001 0.000 -1.000	0.545 1.000 1.000 1.000
v619	1.476 0.865 0.079	0.001 0.000 -1.000	0.545 1.000 1.000 1.000
v620	0.817 1.115 1.482	0.000 -1.000 0.000	0.349 0.643 0.643 1.000
v621	0.610 1.115 1.274	0.000 -1.000 0.000	0.349 0.643 0.643 1.000
v622	0.610 1.186 1.274	-0.704 0.000 -0.710	0.349 0.643 0.643 1.000
v623	0.402 1.115 1.481	-0.704 0.000 -0.710	0.349 0.643 0.643 1.000
v624	0.610 1.115 1.274	-0.704 0.000 -0.710	0.349 0.643 0.643 1.000
v625	0.402 1.186 1.481	0.000 1.000 0.000	0.349 0.643 0.643 1.000
v626	0.817 1.186 1.482	0.000 1.000 0.000	0.349 0.643 0.643 1.000
v627	0.610 1.186 1.274	0.000 1.000 0.000	0.349 0.643 0.643 1.000
v628	0.402 1.115 1.481	-0.710 0.000 0.704	0.349 0.643 0.643 1.000
v629	0.402 1.186 1.481	-0.710 0.000 0.704	0.349 0.643 0.643 1.000
v630	0.608 1.186 1.689	-0.710 0.000 0.704	0.349 0.643 0.643 1.000
v631	0.608 1.115 1.689	-0.710 0.000 0.704	0.349 0.643 0.643 1.000
v632	0.817 1.115 1.482	0.704 0.000 0.710	0.349 0.643 0.643 1.000
v633	0.608 1.115 1.689	0.704 0.000 0.710	0.349 0.643 0.643 1.000
v634	0.608 1.186 1.689	0.704 0.000 0.710	0.349 0.643 0.643 1.000
v635	0.817 1.186 1.482	0.704 0.000 0.710	0.349 0.643 0.643 1.000
v636	1.783 1.115 0.524	0.000 -1.000 0.000	0.349 0.643 0.643 1.000
v637	1.576 1.115 0.316	0.000 -1.000 0.000	0.349 0.643 0.643 1.000
v638	1.576 1.115 0.316	-0.704 0.000 -0.710	0.349 0.643 0.643 1.000
v639	1.368 1.115 0.522	-0.704 0.000 -0.710	0.349 0.643 0.643 1.000
v640	1.576 1.186 0.316	-0.704 0.000 -0.710	0.349 0.643 0.643 1.000
v641	1.368 1.186 0.522	0.000 1.000 0.000	0.349 0.643 0.643 1.000
v642	1.783 1.186 0.524	0.000 1.000 0.000	0.349 0.643 0.643 1.000
v643	1.576 1.186 0.316	0.000 1.000 0.000	0.349 0.643 0.643 1.000
v644	1.368 1.115 0.522	-0.710 0.000 0.704	0.349 0.643 0.643 1.000
v645	1.368 1.186 0.522	-0.710 0.000 0.704	0.349 0.643 0.643 1.000
v646	1.575 1.186 0.731	-0.710 0.000 0.704	0.349 0.643 0.643 1.000
v647	1.575 1.115 0.731	-0.710 0.000 0.704	0.349 0.643 0.643 1.000
v648	1.783 1.115 0.524	0.704 0.000 0.710	0.349 0.643 0.643 1.000
v649	1.575 1.115 0.731	0.704 0.000 0.710	0.349 0.643 0.643 1.000
v650	1.575 1.186 0.731	0.704 0.000 0.710	0.349 0.643 0.643 1.000
v651	1.783 1.186 0.524	0.704 0.000 0.710	0.349 0.643 0.643 1.000
v652	0.951 1.115 1.538	0.000 -1.000 0.000	0.349 0.643 0.643 1.000
v653	1.244 1.115 1.538	0.000 -1.000 0.000	0.349 0.643 0.643 1.000
v654	0.951 1.115 1.538	-1.000 0.000 0.000	0.349 0.643 0.643 1.000
v655	0.951 1.186 1.538	-1.000 0.000 0.000	0.349 0.643 0.643 1.000
v656	0.951 1.115 1.832	-1.000 0.000 0.000	0.349 0.643 0.643 1.000
v657	1.244 1.186 1.538	0.000 1.000 0.000	0.349 0.643 0.643 1.000
v658	0.951 1.186 1.832	0.000 1.000 0.000	0.349 0.643 0.643 1.000
v659	0.951 1.186 1.538	0.000 1.000 0.000	0.349 0.643 0.643 1.000
v660	1.244 1.115 1.832	0.000 0.000 1.000	0.349 0.643 0.643 1.000
v661	0.951 1.115 1.832	0.000 0.000 1.000	0.349 0.643 0.643 1.000
v662	0.951 1.186 1.832	0.000 0.000 1.000	0.349 0.643 0.643 1.000
v663	1.244 1.186 1.832	0.000 0.000 1.000	0.349 0.643 0.643 1.000
v664	1.244 1.115 1.832	1.000 0.000 0.000	0.349 0.643 0.643 1.000
v665	1.244 1.186 1.832	1.000 0.000 0.000	0.349 0.643 0.643 1.000
v666	1.244 1.186 1.538	1.000 0.000 0.000	0.349 0.643 0.643 1.000
v667	1.244 1.115 1.538	1.000 0.000 0.000	0.349 0.643 0.643 1.000
v668	1.244 1.115 0.177	0.000 -1.000 0.000	0.349 0.643 0.643 1.000
v669	0.951 1.115 0.177	0.000 -1.000 0.000	0.349 0.643 0.643 1.000
v670	0.951 1.115 0.177	-1.000 0.000 0.000	0.349 0.643 0.643 1.000
v671	0.951 1.186 0.177	-1.000 0.000 0.000	0.349 0.643 0.643 1.000
v672	0.951 1.115 0.471	-1.000 0.000 0.000	0.349 0.643 0.643 1.000
v673	1.244 1.186 0.177	0.000 1.000 0.000	0.349 0.643 0.643 1.000
v674	0.951 1.186 0.471	0.000 1.000 0.000	0.349 0.643 0.643 1.000
v675	0.951 1.186 0.177	0.000 1.000 0.000	0.349 0.643 0.643 1.000
v676	1.244 1.115 0.471	0.000 0.000 1.000	0.349 0.643 0.643 1.000
v677	0.951 1.115 0.471	0.000 0.000 1.000	0.349 0.643 0.643 1.000
v678	0.951 1.186 0.471	0.000 0.000 1.000	0.349 0.643 0.643 1.000
v679	1.244 1.186 0.471	0.000 0.000 1.000	0.349 0.643 0.643 1.000
v680	1.244 1.115 0.471	1.000 0.000 0.000	0.349 0.643 0.643 1.000
v681	1.244 1.186 0.471	1.000 0.000 0.000	0.349 0.643 0.643 1.000
v682	1.244 1.186 0.177	1.000 0.000 0.000	0.349 0.643 0.643 1.000
v683	1.244 1.115 0.177	1.000 0.000 0.000	0.349 0.643 0.643 1.000
v684	0.817 1.115 0.512	0.000 -1.000 0.000	0.349 0.643 0.643 1.000
v685	0.610 1.115 0.720	0.000 -1.000 0.000	0.349 0.643 0.643 1.000
v686	0.817 1.186 0.512	0.706 0.000 -0.708	0.349 0.643 0.643 1.000
v687	0.609 1.115 0.305	0.706 0.000 -0.708	0.349 0.643 0.643 1.000
v688	0.817 1.115 0.512	0.706 0.000 -0.708	0.349 0.643 0.643 1.000
v689	0.817 1.186 0.512	0.000 1.000 0.000	0.349 0.643 0.643 1.000
v690	0.610 1.186 0.720	0.000 1.000 0.000	0.349 0.643 0.643 1.000
v691	0.609 1.186 0.305	0.000 1.000 0.000	0.349 0.643 0.643 1.000
v692	0.609 1.115 0.305	-0.708 0.000 -0.706	0.349 0.643 0.643 1.000
v693	0.609 1.186 0.305	-0.708 0.000 -0.706	0.349 0.643 0.643 1.000
v694	0.402 1.186 0.512	-0.708 0.000 -0.706	0.349 0.643 0.643 1.000
v695	0.402 1.115 0.512	-0.708 0.000 -0.706	0.349 0.643 0.643 1.000
v696	0.610 1.115 0.720	-0.706 0.000 0.708	0.349 0.643 0.643 1.000
v697	0.402 1.115 0.512	-0.706 0.000 0.708	0.349 0.643 0.643 1.000
v698	0.402 1.186 0.512	-0.706 0.000 0.708	0.349 0.643 0.643 1.000
v699	0.610 1.186 0.720	-0.706 0.000 0.708	0.349 0.643 0.643 1.000
v700	1.781 1.115 1.472	0.000 -1.000 0.000	0.349 0.643 0.643 1.000
v701	1.574 1.115 1.680	0.000 -1.000 0.000	0.349 0.643 0.643 1.000
v702	1.781 1.186 1.472	0.706 0.000 -0.708	0.349 0.643 0.643 1.000
v703	1.573 1.115 1.265	0.706 0.000 -0.708	0.349 0.643 0.643 1.000
v704	1.781 1.115 1.472	0.706 0.000 -0.708	0.349 0.643 0.643 1.000
v705	1.781 1.186 1.472	0.000 1.000 0.000	0.349 0.643 0.643 1.000
v706	1.574 1.186 1.680	0.000 1.000 0.000	0.349 0.643 0.643 1.000
v707	1.573 1.186 1.265	0.000 1.000 0.000	0.349 0.643 0.643 1.000
v708	1.573 1.115 1.265	-0.708 0.000 -0.706	0.349 0.643 0.643 1.000
v709	1.573 1.186 1.265	-0.708 0.000 -0.706	0.349 0.643 0.643 1.000
v710	1.366 1.186 1.473	-0.708 0.000 -0.706	0.349 0.643 0.643 1.000
v711	1.366 1.115 1.473	-0.708 0.000 -0.706	0.349 0.643 0.643 1.000
v712	1.574 1.115 1.680	-0.706 0.000 0.708	0.349 0.643 0.643 1.000
v713	1.366 1.115 1.473	-0.706 0.000 0.708	0.349 0.643 0.643 1.000
v714	1.366 1.186 1.473	-0.706 0.000 0.708	0.349 0.643 0.643 1.000
v715	1.574 1.186 1.680	-0.706 0.000 0.708	0.349 0.643 0.643 1.000
v716	0.557 1.115 1.145	0.000 -1.000 0.000	0.349 0.643 0.643 1.000
v717	0.556 1.115 0.852	0.000 -1.000 0.000	0.349 0.643 0.643 1.000
v718	0.556 1.186 0.852	-0.001 0.000 -1.000	0.349 0.643 0.643 1.000
v719	0.263 1.115 0.852	-0.001 0.000 -1.000	0.349 0.643 0.643 1.000
v720	0.556 1.115 0.852	-0.001 0.000 -1.000	0.349 0.643 0.643 1.000
v721	0.263 1.186 0.852	0.000 1.000 0.000	0.349 0.643 0.643 1.000
v722	0.557 1.186 1.145	0.000 1.000 0.000	0.349 0.643 0.643 1.000
v723	0.556 1.186 0.852	0.000 1.000 0.000	0.349 0.643 0.643 1.000
v724	0.263 1.115 0.852	-1.000 0.000 0.001	0.349 0.643 0.643 1.000
v725	0.263 1.186 0.852	-1.000 0.000 0.001	0.349 0.643 0.643 1.000
v726	0.263 1.186 1.145	-1.000 0.000 0.001	0.349 0.643 0.643 1.000
v727	0.263 1.115 1.145	-1.000 0.000 0.001	0.349 0.643 0.643 1.000
v728	0.557 1.115 1.145	0.001 0.000 1.000	0.349 0.643 0.643 1.000
v729	0.263 1.115 1.145	0.001 0.000 1.000	0.349 0.643 0.643 1.000
v730	0.263 1.186 1.145	0.001 0.000 1.000	0.349 0.643 0.643 1.000
v731	0.557 1.186 1.145	0.001 0.000 1.000	0.349 0.643 0.643 1.000
v732	1.917 1.115 1.143	0.000 -1.000 0.000	0.349 0.643 0.643 1.000
v733	1.917 1.115 0.850	0.000 -1.000 0.000	0.349 0.643 0.643 1.000
v734	1.917 1.186 0.850	-0.001 0.000 -1.000	0.349 0.643 0.643 1.000
v735	1.624 1.115 0.850	-0.001 0.000 -1.000	0.349 0.643 0.643 1.000
v736	1.917 1.115 0.850	-0.001 0.000 -1.000	0.349 0.643 0.643 1.000
v737	1.624 1.186 0.850	0.000 1.000 0.000	0.349 0.643 0.643 1.000
v738	1.917 1.186 1.143	0.000 1.000 0.000	0.349 0.643 0.643 1.000
v739	1.917 1.186 0.850	0.000 1.000 0.000	0.349 0.643 0.643 1.000
v740	1.624 1.115 0.850	-1.000 0.000 0.001	0.349 0.643 0.643 1.000
v741	1.624 1.186 0.850	-1.000 0.000 0.001	0.349 0.643 0.643 1.000
v742	1.624 1.186 1.143	-1.000 0.000 0.001	0.349 0.643 0.643 1.000
v743	1.624 1.115 1.143	-1.000 0.000 0.001	0.349 0.643 0.643 1.000
v744	1.917 1.115 1.143	0.001 0.000 1.000	0.349 0.643 0.643 1.000
v745	1.624 1.115 1.143	0.001 0.000 1.000	0.349 0.643 0.643 1.000
v746	1.624 1.186 1.143	0.001 0.000 1.000	0.349 0.643 0.643 1.000
v747	1.917 1.186 1.143	0.001 0.000 1.000	0.349 0.643 0.643 1.000
v748	3.995 -0.065 1.385	-0.708 0.000 0.706	0.212 0.212 0.212 1.000
v749	3.995 0.857 1.385	-0.708 0.000 0.706	0.212 0.212 0.212 1.000
v750	4.535 -0.065 1.926	-0.001 0.000 1.000	0.212 0.212 0.212 1.000
v751	4.535 0.857 1.926	-0.001 0.000 1.000	0.212 0.212 0.212 1.000
v752	5.301 -0.065 1.927	0.706 0.000 0.708	0.212 0.212 0.212 1.000
v753	5.301 0.857 1.927	0.706 0.000 0.708	0.212 0.212 0.212 1.000
v754	5.842 0.857 1.387	1.000 0.000 0.001	0.212 0.212 0.212 1.000
v755	5.842 -0.065 1.387	1.000 0.000 0.001	0.212 0.212 0.212 1.000
v756	5.843 0.857 0.621	0.708 0.000 -0.706	0.212 0.212 0.212 1.000
v757	5.843 -0.065 0.621	0.708 0.000 -0.706	0.212 0.212 0.212 1.000
v758	5.303 0.857 0.079	0.001 0.000 -1.000	0.212 0.212 0.212 1.000
v759	5.303 -0.065 0.079	0.001 0.000 -1.000	0.212 0.212 0.212 1.000
v760	4.537 0.857 0.079	-0.706 0.000 -0.708	0.212 0.212 0.212 1.000
v761	3.995 0.857 0.619	-0.706 0.000 -0.708	0.212 0.212 0.212 1.000
v762	3.995 -0.065 0.619	-0.706 0.000 -0.708	0.212 0.212 0.212 1.000
v763	4.537 -0.065 0.079	-0.706 0.000 -0.708	0.212 0.212 0.212 1.000
v764	5.842 0.857 1.387	0.000 1.000 0.000	0.212 0.212 0.212 1.000
v765	5.301 0.857 1.927	0.000 1.000 0.000	0.212 0.212 0.212 1.000
v766	4.535 0.857 1.926	0.000 1.000 0.000	0.212 0.212 0.212 1.000
v767	3.995 0.857 1.385	0.000 1.000 0.000	0.212 0.212 0.212 1.000
v768	5.843 0.857 0.621	0.000 1.000 0.000	0.212 0.212 0.212 1.000
v769	3.995 0.857 0.619	0.000 1.000 0.000	0.212 0.212 0.212 1.000
v770	5.303 0.857 0.079	0.000 1.000 0.000	0.212 0.212 0.212 1.000
v771	4.537 0.857 0.079	0.000 1.000 0.000	0.212 0.212 0.212 1.000
v772	5.842 -0.065 1.387	0.000 -1.000 0.000	0.212 0.212 0.212 1.000
v773	4.535 -0.065 1.926	0.000 -1.000 0.000	0.212 0.212 0.212 1.000
v774	5.301 -0.065 1.927	0.000 -1.000 0.000	0.212 0.212 0.212 1.000
v775	3.995 -0.065 1.385	0.000 -1.000 0.000	0.212 0.212 0.212 1.000
v776	5.843 -0.065 0.621	0.000 -1.000 0.000	0.212 0.212 0.212 1.000
v777	3.995 -0.065 0.619	0.000 -1.000 0.000	0.212 0.212 0.212 1.000
v778	5.303 -0.065 0.079	0.000 -1.000 0.000	0.212 0.212 0.212 1.000
v779	4.537 -0.065 0.079	0.000 -1.000 0.000	0.212 0.212 0.212 1.000
v780	4.723 1.203 0.528	-0.042 0.994 -0.102	0.545 1.000 1.000 1.000
v781	4.537 1.135 0.079	-0.053 0.990 -0.128	0.545 1.000 1.000 1.000
v782	5.394 1.203 1.200	0.051 0.998 0.021	0.212 0.212 0.212 1.000
v783	5.115 1.203 1.478	0.042 0.994 0.102	0.212 0.212 0.212 1.000
v784	4.721 1.203 1.478	-0.042 0.996 0.072	0.212 0.212 0.212 1.000
v785	4.443 1.203 1.199	-0.051 0.998 0.021	0.212 0.212 0.212 1.000
v786	5.394 1.203 0.807	0.068 0.998 -0.018	0.212 0.212 0.212 1.000
v787	4.444 1.203 0.806	-0.067 0.998 -0.018	0.212 0.212 0.212 1.000
v788	5.116 1.203 0.528	0.042 0.996 -0.072	0.212 0.212 0.212 1.000
v789	4.723 1.203 0.528	-0.042 0.994 -0.102	0.212 0.212 0.212 1.000
v790	4.537 1.135 0.079	-0.706 0.000 -0.708	0.545 1.000 1.000 1.000
v791	3.995 1.135 0.619	-0.706 0.000 -0.708	0.545 1.000 1.000 1.000
v792	3.995 0.865 0.619	-0.706 0.000 -0.708	0.545 1.000 1.000 1.000
v793	4.537 0.865 0.079	-0.706 0.000 -0.708	0.545 1.000 1.000 1.000
v794	3.995 0.865 0.619	-1.000 0.000 -0.001	0.545 1.000 1.000 1.000
v795	3.995 1.135 0.619	-1.000 0.000 -0.001	0.545 1.000 1.000 1.000
v796	3.995 1.135 1.385	-1.000 0.000 -0.001	0.545 1.000 1.000 1.000
v797	3.995 0.865 1.385	-1.000 0.000 -0.001	0.545 1.000 1.000 1.000
v798	3.995 0.865 1.385	-0.708 0.000 0.706	0.545 1.000 1.000 1.000
v799	3.995 1.135 1.385	-0.708 0.000 0.706	0.545 1.000 1.000 1.000
v800	4.535 1.135 1.926	-0.708 0.000 0.706	0.545 1.000 1.000 1.000
v801	4.535 0.865 1.926	-0.708 0.000 0.706	0.545 1.000 1.000 1.000
v802	5.301 0.865 1.927	-0.001 0.000 1.000	0.545 1.000 1.000 1.000
v803	4.535 0.865 1.926	-0.001 0.000 1.000	0.545 1.000 1.000 1.000
v804	4.535 1.135 1.926	-0.001 0.000 1.000	0.545 1.000 1.000 1.000
v805	5.301 1.135 1.927	-0.001 0.000 1.000	0.545 1.000 1.000 1.000
v806	5.842 0.865 1.387	0.706 0.000 0.708	0.545 1.000 1.000 1.000
v807	5.301 0.865 1.927	0.706 0.000 0.708	0.545 1.000 1.000 1.000
v808	5.301 1.135 1.927	0.706 0.000 0.708	0.545 1.000 1.000 1.000
v809	5.842 1.135 1.387	0.706 0.000 0.708	0.545 1.000 1.000 1.000
v810	5.842 0.865 1.387	1.000 0.000 0.001	0.545 1.000 1.000 1.000
v811	5.842 1.135 1.387	1.000 0.000 0.001	0.545 1.000 1.000 1.000
v812	5.843 1.135 0.621	1.000 0.000 0.001	0.545 1.000 1.000 1.000
v813	5.843 0.865 0.621	1.000 0.000 0.001	0.545 1.000 1.000 1.000
v814	5.303 0.865 0.079	0.708 0.000 -0.706	0.545 1.000 1.000 1.000
v815	5.843 1.135 0.621	0.708 0.000 -0.706	0.545 1.000 1.000 1.000
v816	5.303 1.135 0.079	0.708 0.000 -0.706	0.545 1.000 1.000 1.000
v817	5.843 0.865 0.621	0.708 0.000 -0.706	0.545 1.000 1.000 1.000
v818	5.303 1.135 0.079	0.001 0.000 -1.000	0.545 1.000 1.000 1.000
v819	4.537 1.135 0.079	0.001 0.000 -1.000	0.545 1.000 1.000 1.000
v820	4.537 0.865 0.079	0.001 0.000 -1.000	0.545 1.000 1.000 1.000
v821	5.303 0.865 0.079	0.001 0.000 -1.000	0.545 1.000 1.000 1.000
v822	4.643 1.115 1.482	0.000 -1.000 0.000	0.349 0.643 0.643 1.000
v823	4.436 1.115 1.274	0.000 -1.000 0.000	0.349 0.643 0.643 1.000
v824	4.436 1.186 1.274	-0.704 0.000 -0.710	0.349 0.643 0.643 1.000
v825	4.228 1.115 1.481	-0.704 0.000 -0.710	0.349 0.643 0.643 1.000
v826	4.436 1.115 1.274	-0.704 0.000 -0.710	0.349 0.643 0.643 1.000
v827	4.228 1.186 1.481	0.000 1.000 0.000	0.349 0.643 0.643 1.000
v828	4.643 1.186 1.482	0.000 1.000 0.000	0.349 0.643 0.643 1.000
v829	4.436 1.186 1.274	0.000 1.000 0.000	0.349 0.643 0.643 1.000
v830	4.228 1.115 1.481	-0.710 0.000 0.704	0.349 0.643 0.643 1.000
v831	4.228 1.186 1.481	-0.710 0.000 0.704	0.349 0.643 0.643 1.000
v832	4.435 1.186 1.689	-0.710 0.000 0.704	0.349 0.643 0.643 1.000
v833	4.435 1.115 1.689	-0.710 0.000 0.704	0.349 0.643 0.643 1.000
v834	4.643 1.115 1.482	0.704 0.000 0.710	0.349 0.643 0.643 1.000
v835	4.435 1.115 1.689	0.704 0.000 0.710	0.349 0.643 0.643 1.000
v836	4.435 1.186 1.689	0.704 0.000 0.710	0.349 0.643 0.643 1.000
v837	4.643 1.186 1.482	0.704 0.000 0.710	0.349 0.643 0.643 1.000
v838	5.609 1.115 0.524	0.000 -1.000 0.000	0.349 0.643 0.643 1.000
v839	5.403 1.115 0.316	0.000 -1.000 0.000	0.349 0.643 0.643 1.000
v840	5.403 1.186 0.316	-0.704 0.000 -0.710	0.349 0.643 0.643 1.000
v841	5.194 1.115 0.522	-0.704 0.000 -0.710	0.349 0.643 0.643 1.000
v842	5.403 1.115 0.316	-0.704 0.000 -0.710	0.349 0.643 0.643 1.000
v843	5.194 1.186 0.522	0.000 1.000 0.000	0.349 0.643 0.643 1.000
v844	5.609 1.186 0.524	0.000 1.000 0.000	0.349 0.643 0.643 1.000
v845	5.403 1.186 0.316	0.000 1.000 0.000	0.349 0.643 0.643 1.000
v846	5.194 1.115 0.522	-0.710 0.000 0.704	0.349 0.643 0.643 1.000
v847	5.194 1.186 0.522	-0.710 0.000 0.704	0.349 0.643 0.643 1.000
v848	5.401 1.186 0.731	-0.710 0.000 0.704	0.349 0.643 0.643 1.000
v849	5.401 1.115 0.731	-0.710 0.000 0.704	0.349 0.643 0.643 1.000
v850	5.609 1.115 0.524	0.704 0.000 0.710	0.349 0.643 0.643 1.000
v851	5.401 1.115 0.731	0.704 0.000 0.710	0.349 0.643 0.643 1.000
v852	5.401 1.186 0.731	0.704 0.000 0.710	0.349 0.643 0.643 1.000
v853	5.609 1.186 0.524	0.704 0.000 0.710	0.349 0.643 0.643 1.000
v854	4.777 1.115 1.538	0.000 -1.000 0.000	0.349 0.643 0.643 1.000
v855	5.071 1.115 1.538	0.000 -1.000 0.000	0.349 0.643 0.643 1.000
v856	4.777 1.115 1.538	-1.000 0.000 0.000	0.349 0.643 0.643 1.000
v857	4.777 1.186 1.538	-1.000 0.000 0.000	0.349 0.643 0.643 1.000
v858	4.777 1.115 1.832	-1.000 0.000 0.000	0.349 0.643 0.643 1.000
v859	5.071 1.186 1.538	0.000 1.000 0.000	0.349 0.643 0.643 1.000
v860	4.777 1.186 1.832	0.000 1.000 0.000	0.349 0.643 0.643 1.000
v861	4.777 1.186 1.538	0.000 1.000 0.000	0.349 0.643 0.643 1.000
v862	5.071 1.115 1.832	0.000 0.000 1.000	0.349 0.643 0.643 1.000
v863	4.777 1.115 1.832	0.000 0.000 1.000	0.349 0.643 0.643 1.000
v864	4.777 1.186 1.832	0.000 0.000 1.000	0.349 0.643 0.643 1.000
v865	5.071 1.186 1.832	0.000 0.000 1.000	0.349 0.643 0.643 1.000
v866	5.071 1.115 1.832	1.000 0.000 0.000	0.349 0.643 0.643 1.000
v867	5.071 1.186 1.832	1.000 0.000 0.000	0.349 0.643 0.643 1.000
v868	5.071 1.186 1.538	1.000 0.000 0.000	0.349 0.643 0.643 1.000
v869	5.071 1.115 1.538	1.000 0.000 0.000	0.349 0.643 0.643 1.000
v870	4.777 1.115 0.177	0.000 -1.000 0.000	0.349 0.643 0.643 1.000
v871	5.071 1.115 0.177	0.000 -1.000 0.000	0.349 0.643 0.643 1.000
v872	4.777 1.115 0.177	-1.000 0.000 0.000	0.349 0.643 0.643 1.000
v873	4.777 1.186 0.177	-1.000 0.000 0.000	0.349 0.643 0.643 1.000
v874	4.777 1.115 0.471	-1.000 0.000 0.000	0.349 0.643 0.643 1.000
v875	5.071 1.186 0.177	0.000 1.000 0.000	0.349 0.643 0.643 1.000
v876	4.777 1.186 0.471	0.000 1.000 0.000	0.349 0.643 0.643 1.000
v877	4.777 1.186 0.177	0.000 1.000 0.000	0.349 0.643 0.643 1.000
v878	5.071 1.115 0.471	0.000 0.000 1.000	0.349 0.643 0.643 1.000
v879	4.777 1.115 0.471	0.000 0.000 1.000	0.349 0.643 0.643 1.000
v880	4.777 1.186 0.471	0.000 0.000 1.000	0.349 0.643 0.643 1.000
v881	5.071 1.186 0.471	0.000 0.000 1.000	0.349 0.643 0.643 1.000
v882	5.071 1.115 0.471	1.000 0.000 0.000	0.349 0.643 0.643 1.000
v883	5.071 1.186 0.471	1.000 0.000 0.000	0.349 0.643 0.643 1.000
v884	5.071 1.186 0.177	1.000 0.000 0.000	0.349 0.643 0.643 1.000
v885	5.071 1.115 0.177	1.000 0.000 0.000	0.349 0.643 0.643 1.000
v886	4.643 1.115 0.512	0.000 -1.000 0.000	0.349 0.643 0.643 1.000
v887	4.436 1.115 0.720	0.000 -1.000 0.000	0.349 0.643 0.643 1.000
v888	4.643 1.186 0.512	0.706 0.000 -0.708	0.349 0.643 0.643 1.000
v889	4.435 1.115 0.305	0.706 0.000 -0.708	0.349 0.643 0.643 1.000
v890	4.643 1.115 0.512	0.706 0.000 -0.708	0.349 0.643 0.643 1.000
v891	4.643 1.186 0.512	0.000 1.000 0.000	0.349 0.643 0.643 1.000
v892	4.436 1.186 0.720	0.000 1.000 0.000	0.349 0.643 0.643 1.000
v893	4.435 1.186 0.305	0.000 1.000 0.000	0.349 0.643 0.643 1.000
v894	4.435 1.115 0.305	-0.708 0.000 -0.706	0.349 0.643 0.643 1.000
v895	4.435 1.186 0.305	-0.708 0.000 -0.706	0.349 0.643 0.643 1.000
v896	4.228 1.186 0.512	-0.708 0.000 -0.706	0.349 0.643 0.643 1.000
v897	4.228 1.115 0.512	-0.708 0.000 -0.706	0.349 0.643 0.643 1.000
v898	4.436 1.115 0.720	-0.706 0.000 0.708	0.349 0.643 0.643 1.000
v899	4.228 1.115 0.512	-0.706 0.000 0.708	0.349 0.643 0.643 1.000
v900	4.228 1.186 0.512	-0.706 0.000 0.708	0.349 0.643 0.643 1.000
v901	4.436 1.186 0.720	-0.706 0.000 0.708	0.349 0.643 0.643 1.000
v902	5.607 1.115 1.472	0.000 -1.000 0.000	0.349 0.643 0.643 1.000
v903	5.400 1.115 1.680	0.000 -1.000 0.000	0.349 0.643 0.643 1.000
v904	5.607 1.186 1.472	0.706 0.000 -0.708	0.349 0.643 0.643 1.000
v905	5.399 1.115 1.265	0.706 0.000 -0.708	0.349 0.643 0.643 1.000
v906	5.607 1.115 1.472	0.706 0.000 -0.708	0.349 0.643 0.643 1.000
v907	5.607 1.186 1.472	0.000 1.000 0.000	0.349 0.643 0.643 1.000
v908	5.400 1.186 1.680	0.000 1.000 0.000	0.349 0.643 0.643 1.000
v909	5.399 1.186 1.265	0.000 1.000 0.000	0.349 0.643 0.643 1.000
v910	5.399 1.115 1.265	-0.708 0.000 -0.706	0.349 0.643 0.643 1.000
v911	5.399 1.186 1.265	-0.708 0.000 -0.706	0.349 0.643 0.643 1.000
v912	5.192 1.186 1.473	-0.708 0.000 -0.706	0.349 0.643 0.643 1.000
v913	5.192 1.115 1.473	-0.708 0.000 -0.706	0.349 0.643 0.643 1.000
v914	5.400 1.115 1.680	-0.706 0.000 0.708	0.349 0.643 0.643 1.000
v915	5.192 1.115 1.473	-0.706 0.000 0.708	0.349 0.643 0.643 1.000
v916	5.192 1.186 1.473	-0.706 0.000 0.708	0.349 0.643 0.643 1.000
v917	5.400 1.186 1.680	-0.706 0.000 0.708	0.349 0.643 0.643 1.000
v918	4.383 1.115 1.145	0.000 -1.000 0.000	0.349 0.643 0.643 1.000
v919	4.383 1.115 0.852	0.000 -1.000 0.000	0.349 0.643 0.643 1.000
v920	4.383 1.186 0.852	-0.001 0.000 -1.000	0.349 0.643 0.643 1.000
v921	4.089 1.115 0.852	-0.001 0.000 -1.000	0.349 0.643 0.643 1.000
v922	4.383 1.115 0.852	-0.001 0.000 -1.000	0.349 0.643 0.643 1.000
v923	4.089 1.186 0.852	0.000 1.000 0.000	0.349 0.643 0.643 1.000
v924	4.383 1.186 1.145	0.000 1.000 0.000	0.349 0.643 0.643 1.000
v925	4.383 1.186 0.852	0.000 1.000 0.000	0.349 0.643 0.643 1.000
v926	4.089 1.115 0.852	-1.000 0.000 0.001	0.349 0.643 0.643 1.000
v927	4.089 1.186 0.852	-1.000 0.000 0.001	0.349 0.643 0.643 1.000
v928	4.090 1.186 1.145	-1.000 0.000 0.001	0.349 0.643 0.643 1.000
v929	4.090 1.115 1.145	-1.000 0.000 0.001	0.349 0.643 0.643 1.000
v930	4.383 1.115 1.145	0.001 0.000 1.000	0.349 0.643 0.643 1.000
v931	4.090 1.115 1.145	0.001 0.000 1.000	0.349 0.643 0.643 1.000
v932	4.090 1.186 1.145	0.001 0.000 1.000	0.349 0.643 0.643 1.000
v933	4.383 1.186 1.145	0.001 0.000 1.000	0.349 0.643 0.643 1.000
v934	5.744 1.115 1.143	0.000 -1.000 0.000	0.349 0.643 0.643 1.000
v935	5.743 1.115 0.850	0.000 -1.000 0.000	0.349 0.643 0.643 1.000
v936	5.743 1.186 0.850	-0.001 0.000 -1.000	0.349 0.643 0.643 1.000
v937	5.450 1.115 0.850	-0.001 0.000 -1.000	0.349 0.643 0.643 1.000
v938	5.743 1.115 0.850	-0.001 0.000 -1.000	0.349 0.643 0.643 1.000
v939	5.450 1.186 0.850	0.000 1.000 0.000	0.349 0.643 0.643 1.000
v940	5.744 1.186 1.143	0.000 1.000 0.000	0.349 0.643 0.643 1.000
v941	5.743 1.186 0.850	0.000 1.000 0.000	0.349 0.643 0.643 1.000
v942	5.450 1.115 0.850	-1.000 0.000 0.001	0.349 0.643 0.643 1.000
v943	5.450 1.186 0.850	-1.000 0.000 0.001	0.349 0.643 0.643 1.000
v944	5.450 1.186 1.143	-1.000 0.000 0.001	0.349 0.643 0.643 1.000
v945	5.450 1.115 1.143	-1.000 0.000 0.001	0.349 0.643 0.643 1.000
v946	5.744 1.115 1.143	0.001 0.000 1.000	0.349 0.643 0.643 1.000
v947	5.450 1.115 1.143	0.001 0.000 1.000	0.349 0.643 0.643 1.000
v948	5.450 1.186 1.143	0.001 0.000 1.000	0.349 0.643 0.643 1.000
v949	5.744 1.186 1.143	0.001 0.000 1.000	0.349 0.643 0.643 1.000
f3 0 13 1
f3 12 13 0
f3 1 14 2
f3 13 14 1
f3 15 3 2
f3 14 15 2
f3 16 4 3
f3 15 16 3
f3 5 4 16
f3 17 5 16
f3 6 5 17
f3 18 6 17
f3 7 6 18
f3 19 7 18
f3 8 7 19
f3 20 8 19
f3 21 9 8
f3 20 21 8
f3 22 10 9
f3 21 22 9
f3 10 23 11
f3 22 23 10
f3 11 328 329
f3 23 328 11
f3 330 331 332
f3 333 331 330
f3 334 333 330
f3 335 333 334
f3 336 335 334
f3 337 335 336
f3 338 337 336
f3 339 337 338
f3 340 339 338
f3 341 339 340
f3 342 343 344
f3 345 342 344
f3 346 342 345
f3 347 346 345
f3 348 346 347
f3 349 348 347
f3 350 348 349
f3 351 350 349
f3 352 350 351
f3 353 352 351
f3 32 33 25
f3 24 32 25
f3 26 354 34
f3 355 354 26
f3 27 356 35
f3 357 356 27
f3 36 358 359
f3 28 358 36
f3 37 360 361
f3 29 360 37
f3 362 363 38
f3 30 362 38
f3 364 365 39
f3 31 364 39
f3 366 367 368
f3 369 366 368
f3 47 370 371
f3 372 47 371
f3 49 47 372
f3 51 49 372
f3 373 51 372
f3 55 51 373
f3 374 55 373
f3 374 52 55
f3 45 370 47
f3 375 370 45
f3 43 375 45
f3 41 375 43
f3 376 375 41
f3 52 376 41
f3 377 376 52
f3 377 52 374
f3 46 378 379
f3 380 378 46
f3 48 380 46
f3 50 380 48
f3 381 380 50
f3 54 381 50
f3 382 381 54
f3 382 54 53
f3 44 46 379
f3 383 44 379
f3 42 44 383
f3 40 42 383
f3 384 40 383
f3 53 40 384
f3 385 53 384
f3 385 382 53
f3 386 387 388
f3 389 387 386
f3 390 391 392
f3 393 390 392
f3 394 395 396
f3 397 394 396
f3 398 399 400
f3 401 398 400
f3 402 403 404
f3 405 402 404
f3 406 407 408
f3 409 407 406
f3 410 411 412
f3 413 411 410
f3 414 415 416
f3 417 415 414
f3 64 65 57
f3 56 64 57
f3 58 418 66
f3 419 418 58
f3 59 420 67
f3 421 420 59
f3 68 422 423
f3 60 422 68
f3 69 424 425
f3 61 424 69
f3 426 427 70
f3 62 426 70
f3 428 429 71
f3 63 428 71
f3 430 431 432
f3 433 430 432
f3 79 434 435
f3 436 79 435
f3 81 79 436
f3 83 81 436
f3 437 83 436
f3 87 83 437
f3 438 87 437
f3 438 84 87
f3 77 434 79
f3 439 434 77
f3 75 439 77
f3 73 439 75
f3 440 439 73
f3 84 440 73
f3 441 440 84
f3 441 84 438
f3 78 442 443
f3 444 442 78
f3 80 444 78
f3 82 444 80
f3 445 444 82
f3 86 445 82
f3 446 445 86
f3 446 86 85
f3 76 78 443
f3 447 76 443
f3 74 76 447
f3 72 74 447
f3 448 72 447
f3 85 72 448
f3 449 85 448
f3 449 446 85
f3 450 451 452
f3 453 451 450
f3 454 455 456
f3 457 454 456
f3 458 459 460
f3 461 458 460
f3 462 463 464
f3 465 462 464
f3 466 467 468
f3 469 466 468
f3 470 471 472
f3 473 471 470
f3 474 475 476
f3 477 475 474
f3 478 479 480
f3 481 479 478
f3 89 91 90
f3 88 89 90
f3 482 483 93
f3 92 482 93
f3 484 94 485
f3 486 484 485
f3 95 487 488
f3 489 95 488
f3 490 491 492
f3 493 491 490
f3 494 495 496
f3 497 494 496
f3 97 99 98
f3 96 97 98
f3 498 499 101
f3 100 498 101
f3 500 102 501
f3 502 500 501
f3 103 503 504
f3 505 103 504
f3 506 507 508
f3 509 506 508
f3 510 511 512
f3 513 510 512
f3 105 107 106
f3 104 105 106
f3 514 109 108
f3 515 514 108
f3 516 517 110
f3 518 516 110
f3 519 111 520
f3 521 519 520
f3 522 523 524
f3 525 522 524
f3 526 527 528
f3 529 527 526
f3 113 115 114
f3 112 113 114
f3 530 117 116
f3 531 530 116
f3 532 533 118
f3 534 532 118
f3 535 119 536
f3 537 535 536
f3 538 539 540
f3 541 538 540
f3 542 543 544
f3 545 543 542
f3 120 128 129
f3 121 120 129
f3 546 547 130
f3 122 546 130
f3 123 548 549
f3 131 123 549
f3 124 550 551
f3 132 124 551
f3 125 552 133
f3 553 552 125
f3 126 554 134
f3 555 554 126
f3 556 135 127
f3 557 556 127
f3 558 559 560
f3 561 559 558
f3 562 563 564
f3 565 562 564
f3 566 562 565
f3 567 566 565
f3 568 566 567
f3 569 568 567
f3 570 571 572
f3 573 571 570
f3 574 573 570
f3 575 573 574
f3 576 575 574
f3 577 575 576
f3 144 145 154
f3 153 144 154
f3 154 146 155
f3 145 146 154
f3 147 156 155
f3 146 147 155
f3 157 156 147
f3 148 157 147
f3 149 157 148
f3 158 157 149
f3 150 158 149
f3 159 158 150
f3 159 150 151
f3 152 159 151
f3 578 144 153
f3 579 578 153
f3 580 581 582
f3 583 580 582
f3 584 580 583
f3 585 584 583
f3 586 584 585
f3 587 586 585
f3 140 138 139
f3 137 138 140
f3 141 137 140
f3 136 137 141
f3 142 136 141
f3 143 136 142
f3 588 589 590
f3 591 588 590
f3 592 593 594
f3 595 592 594
f3 596 597 598
f3 599 596 598
f3 600 601 602
f3 603 600 602
f3 604 605 606
f3 607 604 606
f3 608 609 610
f3 611 609 608
f3 612 613 614
f3 615 613 612
f3 616 617 618
f3 619 616 618
f3 162 161 163
f3 160 161 162
f3 165 164 620
f3 621 165 620
f3 622 166 623
f3 624 622 623
f3 625 626 167
f3 627 626 625
f3 628 629 630
f3 631 628 630
f3 632 633 634
f3 635 632 634
f3 170 169 171
f3 168 169 170
f3 173 172 636
f3 637 173 636
f3 638 174 639
f3 640 174 638
f3 641 642 175
f3 643 642 641
f3 644 645 646
f3 647 644 646
f3 648 649 650
f3 651 648 650
f3 177 179 178
f3 176 177 178
f3 652 181 180
f3 653 652 180
f3 654 655 182
f3 656 654 182
f3 657 183 658
f3 659 657 658
f3 660 661 662
f3 663 660 662
f3 664 665 666
f3 667 664 666
f3 185 187 186
f3 184 185 186
f3 668 189 188
f3 669 189 668
f3 670 671 190
f3 672 670 190
f3 673 191 674
f3 675 673 674
f3 676 677 678
f3 679 676 678
f3 680 681 682
f3 683 680 682
f3 194 193 195
f3 192 193 194
f3 684 196 685
f3 197 196 684
f3 686 198 687
f3 688 686 687
f3 689 690 199
f3 691 689 199
f3 692 693 694
f3 695 692 694
f3 696 697 698
f3 699 696 698
f3 202 201 203
f3 200 201 202
f3 700 204 701
f3 205 204 700
f3 702 206 703
f3 704 702 703
f3 705 706 207
f3 707 705 207
f3 708 709 710
f3 711 708 710
f3 712 713 714
f3 715 712 714
f3 210 209 211
f3 208 209 210
f3 213 212 716
f3 717 213 716
f3 718 214 719
f3 720 718 719
f3 721 722 215
f3 723 722 721
f3 724 725 726
f3 727 724 726
f3 728 729 730
f3 731 728 730
f3 218 217 219
f3 216 217 218
f3 221 220 732
f3 733 221 732
f3 734 222 735
f3 736 734 735
f3 737 738 223
f3 739 738 737
f3 740 741 742
f3 743 740 742
f3 744 745 746
f3 747 744 746
f3 224 232 233
f3 225 224 233
f3 748 749 234
f3 226 748 234
f3 227 750 751
f3 235 227 751
f3 228 752 753
f3 236 228 753
f3 229 754 237
f3 755 754 229
f3 230 756 238
f3 757 756 230
f3 758 239 231
f3 759 758 231
f3 760 761 762
f3 763 760 762
f3 764 765 766
f3 767 764 766
f3 768 764 767
f3 769 768 767
f3 770 768 769
f3 771 770 769
f3 772 773 774
f3 775 773 772
f3 776 775 772
f3 777 775 776
f3 778 777 776
f3 779 777 778
f3 248 249 258
f3 257 248 258
f3 258 250 259
f3 249 250 258
f3 251 260 259
f3 250 251 259
f3 261 260 251
f3 252 261 251
f3 253 261 252
f3 262 261 253
f3 254 262 253
f3 263 262 254
f3 263 254 255
f3 256 263 255
f3 780 248 257
f3 781 780 257
f3 782 783 784
f3 785 782 784
f3 786 782 785
f3 787 786 785
f3 788 786 787
f3 789 788 787
f3 244 242 243
f3 241 242 244
f3 245 241 244
f3 240 241 245
f3 246 240 245
f3 247 240 246
f3 790 791 792
f3 793 790 792
f3 794 795 796
f3 797 794 796
f3 798 799 800
f3 801 798 800
f3 802 803 804
f3 805 802 804
f3 806 807 808
f3 809 806 808
f3 810 811 812
f3 813 810 812
f3 814 815 816
f3 817 815 814
f3 818 819 820
f3 821 818 820
f3 264 265 267
f3 266 264 267
f3 269 268 822
f3 823 269 822
f3 824 270 825
f3 826 824 825
f3 827 828 271
f3 829 828 827
f3 830 831 832
f3 833 830 832
f3 834 835 836
f3 837 834 836
f3 272 273 275
f3 274 272 275
f3 277 276 838
f3 839 277 838
f3 840 278 841
f3 842 840 841
f3 843 844 279
f3 845 844 843
f3 846 847 848
f3 849 846 848
f3 850 851 852
f3 853 850 852
f3 281 283 282
f3 280 281 282
f3 854 285 284
f3 855 854 284
f3 856 857 286
f3 858 856 286
f3 859 287 860
f3 861 859 860
f3 862 863 864
f3 865 862 864
f3 866 867 868
f3 869 866 868
f3 289 291 290
f3 288 289 290
f3 870 293 292
f3 871 870 292
f3 872 873 294
f3 874 872 294
f3 875 295 876
f3 877 875 876
f3 878 879 880
f3 881 878 880
f3 882 883 884
f3 885 882 884
f3 296 297 299
f3 298 296 299
f3 886 300 887
f3 301 300 886
f3 888 302 889
f3 890 888 889
f3 891 892 303
f3 893 891 303
f3 894 895 896
f3 897 894 896
f3 898 899 900
f3 901 898 900
f3 304 305 307
f3 306 304 307
f3 902 308 903
f3 309 308 902
f3 904 310 905
f3 906 904 905
f3 907 908 311
f3 909 907 311
f3 910 911 912
f3 913 910 912
f3 914 915 916
f3 917 914 916
f3 312 313 315
f3 314 312 315
f3 317 316 918
f3 919 317 918
f3 920 318 921
f3 922 920 921
f3 923 924 319
f3 925 924 923
f3 926 927 928
f3 929 926 928
f3 930 931 932
f3 933 930 932
f3 320 321 323
f3 322 320 323
f3 325 324 934
f3 935 325 934
f3 936 326 937
f3 938 936 937
f3 939 940 327
f3 941 940 939
f3 942 943 944
f3 945 942 944
f3 946 947 948
f3 949 946 948
