v0	3.009 2.000 0.630	0.000 1.000 0.000	0.894 0.894 0.894 1.000
v1	3.009 0.000 0.630	0.000 -1.000 0.000	0.894 0.894 0.894 1.000
v2	2.759 1.933 0.630	-0.496 0.863 0.097	0.894 0.894 0.894 1.000
v3	2.793 1.933 0.755	-0.395 0.906 0.154	0.894 0.894 0.894 1.000
v4	2.884 1.933 0.846	-0.332 0.863 0.381	0.894 0.894 0.894 1.000
v5	3.009 1.933 0.880	-0.064 0.906 0.418	0.894 0.894 0.894 1.000
v6	3.134 1.933 0.846	0.164 0.863 0.478	0.894 0.894 0.894 1.000
v7	3.226 1.933 0.755	0.330 0.906 0.265	0.894 0.894 0.894 1.000
v8	3.259 1.933 0.630	0.418 0.906 0.064	0.894 0.894 0.894 1.000
v9	3.226 1.933 0.505	0.478 0.863 -0.164	0.894 0.894 0.894 1.000
v10	3.134 1.933 0.413	0.332 0.863 -0.381	0.894 0.894 0.894 1.000
v11	3.009 1.933 0.380	0.097 0.863 -0.496	0.894 0.894 0.894 1.000
v12	2.884 1.933 0.413	-0.154 0.906 -0.395	0.894 0.894 0.894 1.000
v13	2.793 1.933 0.505	-0.330 0.906 -0.265	0.894 0.894 0.894 1.000
v14	2.576 1.750 0.630	-0.791 0.612 0.017	0.894 0.894 0.894 1.000
v15	2.634 1.750 0.846	-0.749 0.574 0.331	0.894 0.894 0.894 1.000
v16	2.793 1.750 1.005	-0.483 0.574 0.661	0.894 0.894 0.894 1.000
v17	3.009 1.750 1.063	-0.052 0.631 0.774	0.894 0.894 0.894 1.000
v18	3.226 1.750 1.005	0.315 0.497 0.809	0.894 0.894 0.894 1.000
v19	3.384 1.750 0.846	0.645 0.542 0.539	0.894 0.894 0.894 1.000
v20	3.442 1.750 0.630	0.814 0.574 0.088	0.894 0.894 0.894 1.000
v21	3.384 1.750 0.413	0.757 0.546 -0.360	0.894 0.894 0.894 1.000
v22	3.226 1.750 0.255	0.410 0.612 -0.677	0.894 0.894 0.894 1.000
v23	3.009 1.750 0.197	0.088 0.574 -0.814	0.894 0.894 0.894 1.000
v24	2.793 1.750 0.255	-0.295 0.608 -0.737	0.894 0.894 0.894 1.000
v25	2.634 1.750 0.413	-0.645 0.542 -0.539	0.894 0.894 0.894 1.000
v26	2.509 1.500 0.630	-0.972 0.194 0.131	0.486 0.486 0.788 1.000
v27	2.576 1.500 0.880	-0.918 0.129 0.375	0.486 0.486 0.788 1.000
v28	2.759 1.500 1.063	-0.600 0.194 0.776	0.486 0.486 0.788 1.000
v29	3.009 1.500 1.130	-0.054 0.208 0.977	0.486 0.486 0.788 1.000
v30	3.259 1.500 1.063	0.488 0.195 0.850	0.486 0.486 0.788 1.000
v31	3.442 1.500 0.880	0.848 0.195 0.492	0.486 0.486 0.788 1.000
v32	3.509 1.500 0.630	0.986 0.156 0.056	0.486 0.486 0.788 1.000
v33	3.442 1.500 0.380	0.918 0.129 -0.375	0.486 0.486 0.788 1.000
v34	3.259 1.500 0.197	0.600 0.194 -0.776	0.486 0.486 0.788 1.000
v35	3.009 1.500 0.130	0.131 0.194 -0.972	0.486 0.486 0.788 1.000
v36	2.759 1.500 0.197	-0.442 0.208 -0.873	0.486 0.486 0.788 1.000
v37	2.576 1.500 0.380	-0.848 0.195 -0.492	0.486 0.486 0.788 1.000
v38	2.509 0.500 0.630	-0.989 -0.065 0.131	0.894 0.894 0.894 1.000
v39	2.576 0.500 0.880	-0.916 -0.130 0.379	0.894 0.894 0.894 1.000
v40	2.759 0.500 1.063	-0.627 -0.103 0.772	0.894 0.894 0.894 1.000
v41	3.009 0.500 1.130	-0.131 -0.065 0.989	0.894 0.894 0.894 1.000
v42	3.259 0.500 1.063	0.381 -0.065 0.922	0.894 0.894 0.894 1.000
v43	3.442 0.500 0.880	0.838 -0.052 0.544	0.894 0.894 0.894 1.000
v44	3.509 0.500 0.630	0.993 -0.104 0.050	0.486 0.486 0.788 1.000
v45	3.442 0.500 0.380	0.916 -0.130 -0.379	0.894 0.894 0.894 1.000
v46	3.259 0.500 0.197	0.627 -0.103 -0.772	0.894 0.894 0.894 1.000
v47	3.009 0.500 0.130	0.157 -0.103 -0.982	0.894 0.894 0.894 1.000
v48	2.759 0.500 0.197	-0.381 -0.065 -0.922	0.894 0.894 0.894 1.000
v49	2.576 0.500 0.380	-0.838 -0.052 -0.544	0.894 0.894 0.894 1.000
v50	2.576 0.250 0.630	-0.883 -0.451 0.131	0.486 0.486 0.788 1.000
v51	2.634 0.250 0.846	-0.792 -0.382 0.477	0.486 0.486 0.788 1.000
v52	2.793 0.250 1.005	-0.509 -0.422 0.750	0.486 0.486 0.788 1.000
v53	3.009 0.250 1.063	-0.115 -0.379 0.918	0.486 0.486 0.788 1.000
v54	3.226 0.250 1.005	0.360 -0.379 0.852	0.486 0.486 0.788 1.000
v55	3.384 0.250 0.846	0.750 -0.422 0.509	0.486 0.486 0.788 1.000
v56	3.442 0.250 0.630	0.924 -0.382 -0.017	0.486 0.486 0.788 1.000
v57	3.384 0.250 0.413	0.792 -0.382 -0.477	0.486 0.486 0.788 1.000
v58	3.226 0.250 0.255	0.447 -0.382 -0.809	0.486 0.486 0.788 1.000
v59	3.009 0.250 0.197	0.066 -0.422 -0.904	0.486 0.486 0.788 1.000
v60	2.793 0.250 0.255	-0.328 -0.451 -0.830	0.486 0.486 0.788 1.000
v61	2.634 0.250 0.413	-0.750 -0.422 -0.509	0.486 0.486 0.788 1.000
v62	2.759 0.067 0.630	-0.573 -0.819 0.024	0.894 0.894 0.894 1.000
v63	2.793 0.067 0.755	-0.560 -0.791 0.247	0.894 0.894 0.894 1.000
v64	2.884 0.067 0.846	-0.361 -0.791 0.493	0.894 0.894 0.894 1.000
v65	3.009 0.067 0.880	-0.066 -0.791 0.608	0.894 0.894 0.894 1.000
v66	3.134 0.067 0.846	0.303 -0.776 0.553	0.894 0.894 0.894 1.000
v67	3.226 0.067 0.755	0.485 -0.819 0.308	0.894 0.894 0.894 1.000
v68	3.259 0.067 0.630	0.608 -0.791 0.066	0.894 0.894 0.894 1.000
v69	3.226 0.067 0.505	0.560 -0.791 -0.247	0.894 0.894 0.894 1.000
v70	3.134 0.067 0.413	0.361 -0.791 -0.493	0.894 0.894 0.894 1.000
v71	3.009 0.067 0.380	0.014 -0.776 -0.630	0.894 0.894 0.894 1.000
v72	2.884 0.067 0.413	-0.331 -0.793 -0.512	0.894 0.894 0.894 1.000
v73	2.793 0.067 0.505	-0.543 -0.793 -0.278	0.894 0.894 0.894 1.000
v74	2.090 2.000 0.644	0.000 1.000 0.000	0.894 0.894 0.894 1.000
v75	2.090 0.000 0.644	0.000 -1.000 0.000	0.894 0.894 0.894 1.000
v76	1.840 1.933 0.644	-0.418 0.906 0.064	0.894 0.894 0.894 1.000
v77	1.873 1.933 0.769	-0.478 0.863 0.164	0.894 0.894 0.894 1.000
v78	1.965 1.933 0.860	-0.332 0.863 0.381	0.894 0.894 0.894 1.000
v79	2.090 1.933 0.894	-0.097 0.863 0.496	0.894 0.894 0.894 1.000
v80	2.215 1.933 0.860	0.164 0.863 0.478	0.894 0.894 0.894 1.000
v81	2.306 1.933 0.769	0.330 0.906 0.265	0.894 0.894 0.894 1.000
v82	2.340 1.933 0.644	0.418 0.906 0.064	0.894 0.894 0.894 1.000
v83	2.306 1.933 0.519	0.478 0.863 -0.164	0.894 0.894 0.894 1.000
v84	2.215 1.933 0.427	0.332 0.863 -0.381	0.894 0.894 0.894 1.000
v85	2.090 1.933 0.394	0.097 0.863 -0.496	0.894 0.894 0.894 1.000
v86	1.965 1.933 0.427	-0.154 0.906 -0.395	0.894 0.894 0.894 1.000
v87	1.873 1.933 0.519	-0.330 0.906 -0.265	0.894 0.894 0.894 1.000
v88	1.657 1.750 0.644	-0.774 0.631 0.052	0.894 0.894 0.894 1.000
v89	1.715 1.750 0.860	-0.757 0.546 0.360	0.894 0.894 0.894 1.000
v90	1.873 1.750 1.019	-0.475 0.546 0.690	0.894 0.894 0.894 1.000
v91	2.090 1.750 1.077	-0.017 0.612 0.791	0.894 0.894 0.894 1.000
v92	2.306 1.750 1.019	0.315 0.497 0.809	0.894 0.894 0.894 1.000
v93	2.465 1.750 0.860	0.645 0.542 0.539	0.894 0.894 0.894 1.000
v94	2.523 1.750 0.644	0.814 0.574 0.088	0.894 0.894 0.894 1.000
v95	2.465 1.750 0.427	0.757 0.546 -0.360	0.894 0.894 0.894 1.000
v96	2.306 1.750 0.269	0.410 0.612 -0.677	0.894 0.894 0.894 1.000
v97	2.090 1.750 0.211	0.088 0.574 -0.814	0.894 0.894 0.894 1.000
v98	1.873 1.750 0.269	-0.295 0.608 -0.737	0.894 0.894 0.894 1.000
v99	1.715 1.750 0.427	-0.645 0.542 -0.539	0.894 0.894 0.894 1.000
v100	1.590 1.500 0.644	-0.972 0.194 0.131	0.486 0.486 0.788 1.000
v101	1.657 1.500 0.894	-0.882 0.156 0.445	0.486 0.486 0.788 1.000
v102	1.840 1.500 1.077	-0.568 0.173 0.805	0.486 0.486 0.788 1.000
v103	2.090 1.500 1.144	-0.054 0.208 0.977	0.486 0.486 0.788 1.000
v104	2.340 1.500 1.077	0.488 0.195 0.850	0.486 0.486 0.788 1.000
v105	2.523 1.500 0.894	0.848 0.195 0.492	0.486 0.486 0.788 1.000
v106	2.590 1.500 0.644	0.986 0.156 0.056	0.486 0.486 0.788 1.000
v107	2.523 1.500 0.394	0.918 0.129 -0.375	0.486 0.486 0.788 1.000
v108	2.340 1.500 0.211	0.600 0.194 -0.776	0.486 0.486 0.788 1.000
v109	2.090 1.500 0.144	0.131 0.194 -0.972	0.486 0.486 0.788 1.000
v110	1.840 1.500 0.211	-0.442 0.208 -0.873	0.486 0.486 0.788 1.000
v111	1.657 1.500 0.394	-0.848 0.195 -0.492	0.486 0.486 0.788 1.000
v112	1.590 0.500 0.644	-0.989 -0.065 0.131	0.894 0.894 0.894 1.000
v113	1.657 0.500 0.894	-0.916 -0.130 0.379	0.894 0.894 0.894 1.000
v114	1.840 0.500 1.077	-0.627 -0.103 0.772	0.894 0.894 0.894 1.000
v115	2.090 0.500 1.144	-0.131 -0.065 0.989	0.894 0.894 0.894 1.000
v116	2.340 0.500 1.077	0.381 -0.065 0.922	0.894 0.894 0.894 1.000
v117	2.523 0.500 0.894	0.838 -0.052 0.544	0.894 0.894 0.894 1.000
v118	2.590 0.500 0.644	0.993 -0.104 0.050	0.486 0.486 0.788 1.000
v119	2.523 0.500 0.394	0.916 -0.130 -0.379	0.894 0.894 0.894 1.000
v120	2.340 0.500 0.211	0.627 -0.103 -0.772	0.894 0.894 0.894 1.000
v121	2.090 0.500 0.144	0.157 -0.103 -0.982	0.894 0.894 0.894 1.000
v122	1.840 0.500 0.211	-0.381 -0.065 -0.922	0.894 0.894 0.894 1.000
v123	1.657 0.500 0.394	-0.838 -0.052 -0.544	0.894 0.894 0.894 1.000
v124	1.657 0.250 0.644	-0.883 -0.451 0.131	0.486 0.486 0.788 1.000
v125	1.715 0.250 0.860	-0.792 -0.382 0.477	0.486 0.486 0.788 1.000
v126	1.873 0.250 1.019	-0.509 -0.422 0.750	0.486 0.486 0.788 1.000
v127	2.090 0.250 1.077	-0.115 -0.379 0.918	0.486 0.486 0.788 1.000
v128	2.306 0.250 1.019	0.328 -0.451 0.830	0.486 0.486 0.788 1.000
v129	2.465 0.250 0.860	0.750 -0.422 0.509	0.486 0.486 0.788 1.000
v130	2.523 0.250 0.644	0.924 -0.382 -0.017	0.486 0.486 0.788 1.000
v131	2.465 0.250 0.427	0.792 -0.382 -0.477	0.486 0.486 0.788 1.000
v132	2.306 0.250 0.269	0.447 -0.382 -0.809	0.486 0.486 0.788 1.000
v133	2.090 0.250 0.211	0.066 -0.422 -0.904	0.486 0.486 0.788 1.000
v134	1.873 0.250 0.269	-0.328 -0.451 -0.830	0.486 0.486 0.788 1.000
v135	1.715 0.250 0.427	-0.750 -0.422 -0.509	0.486 0.486 0.788 1.000
v136	1.840 0.067 0.644	-0.573 -0.819 0.024	0.894 0.894 0.894 1.000
v137	1.873 0.067 0.769	-0.560 -0.791 0.247	0.894 0.894 0.894 1.000
v138	1.965 0.067 0.860	-0.361 -0.791 0.493	0.894 0.894 0.894 1.000
v139	2.090 0.067 0.894	-0.014 -0.776 0.630	0.894 0.894 0.894 1.000
v140	2.215 0.067 0.860	0.331 -0.793 0.512	0.894 0.894 0.894 1.000
v141	2.306 0.067 0.769	0.485 -0.819 0.308	0.894 0.894 0.894 1.000
v142	2.340 0.067 0.644	0.608 -0.791 0.066	0.894 0.894 0.894 1.000
v143	2.306 0.067 0.519	0.560 -0.791 -0.247	0.894 0.894 0.894 1.000
v144	2.215 0.067 0.427	0.361 -0.791 -0.493	0.894 0.894 0.894 1.000
v145	2.090 0.067 0.394	0.014 -0.776 -0.630	0.894 0.894 0.894 1.000
v146	1.965 0.067 0.427	-0.331 -0.793 -0.512	0.894 0.894 0.894 1.000
v147	1.873 0.067 0.519	-0.543 -0.793 -0.278	0.894 0.894 0.894 1.000
v148	1.027 1.000 2.376	-0.089 0.992 0.089	0.894 0.894 0.894 1.000
v149	2.027 1.000 2.376	0.101 0.990 0.101	0.894 0.894 0.894 1.000
v150	2.027 1.000 1.376	0.089 0.992 -0.089	0.894 0.894 0.894 1.000
v151	1.027 1.000 1.376	-0.101 0.990 -0.101	0.894 0.894 0.894 1.000
v152	1.027 0.000 2.376	-0.101 -0.990 0.101	0.894 0.894 0.894 1.000
v153	2.027 0.000 2.376	0.089 -0.992 0.089	0.894 0.894 0.894 1.000
v154	2.027 0.000 1.376	0.101 -0.990 -0.101	0.894 0.894 0.894 1.000
v155	1.027 0.000 1.376	-0.089 -0.992 -0.089	0.894 0.894 0.894 1.000
v156	0.836 0.962 2.376	-0.382 0.923 0.044	0.894 0.894 0.894 1.000
v157	0.851 0.962 2.449	-0.353 0.924 0.146	0.894 0.894 0.894 1.000
v158	0.892 0.962 2.511	-0.312 0.908 0.280	0.894 0.894 0.894 1.000
v159	0.954 0.962 2.553	-0.181 0.908 0.378	0.894 0.894 0.894 1.000
v160	1.027 0.962 2.567	-0.044 0.923 0.382	0.894 0.894 0.894 1.000
v161	2.027 0.962 2.567	0.044 0.896 0.442	0.894 0.894 0.894 1.000
v162	2.101 0.962 2.553	0.181 0.908 0.378	0.894 0.894 0.894 1.000
v163	2.163 0.962 2.511	0.312 0.908 0.280	0.894 0.894 0.894 1.000
v164	2.204 0.962 2.449	0.395 0.908 0.139	0.894 0.894 0.894 1.000
v165	2.219 0.962 2.376	0.419 0.908 0.030	0.894 0.894 0.894 1.000
v166	2.219 0.962 1.376	0.345 0.938 -0.030	0.894 0.894 0.894 1.000
v167	2.204 0.962 1.303	0.395 0.908 -0.139	0.894 0.894 0.894 1.000
v168	2.163 0.962 1.240	0.312 0.908 -0.280	0.894 0.894 0.894 1.000
v169	2.101 0.962 1.199	0.181 0.908 -0.378	0.894 0.894 0.894 1.000
v170	2.027 0.962 1.184	0.044 0.923 -0.382	0.894 0.894 0.894 1.000
v171	1.027 0.962 1.184	-0.044 0.896 -0.442	0.894 0.894 0.894 1.000
v172	0.954 0.962 1.199	-0.181 0.908 -0.378	0.894 0.894 0.894 1.000
v173	0.892 0.962 1.240	-0.312 0.908 -0.280	0.894 0.894 0.894 1.000
v174	0.851 0.962 1.303	-0.395 0.908 -0.139	0.894 0.894 0.894 1.000
v175	0.836 0.962 1.376	-0.419 0.908 -0.030	0.894 0.894 0.894 1.000
v176	0.674 0.854 2.376	-0.706 0.707 0.046	0.894 0.894 0.894 1.000
v177	0.701 0.854 2.511	-0.643 0.727 0.240	0.894 0.894 0.894 1.000
v178	0.777 0.854 2.626	-0.502 0.687 0.525	0.894 0.894 0.894 1.000
v179	0.892 0.854 2.702	-0.227 0.707 0.670	0.894 0.894 0.894 1.000
v180	1.027 0.854 2.729	-0.046 0.707 0.706	0.894 0.894 0.894 1.000
v181	2.027 0.854 2.729	0.070 0.706 0.705	0.894 0.894 0.894 1.000
v182	2.163 0.854 2.702	0.227 0.707 0.670	0.894 0.894 0.894 1.000
v183	2.277 0.854 2.626	0.466 0.707 0.532	0.894 0.894 0.894 1.000
v184	2.354 0.854 2.511	0.634 0.707 0.313	0.894 0.894 0.894 1.000
v185	2.381 0.854 2.376	0.704 0.704 0.093	0.894 0.894 0.894 1.000
v186	2.381 0.854 1.376	0.686 0.726 -0.056	0.894 0.894 0.894 1.000
v187	2.354 0.854 1.240	0.656 0.708 -0.262	0.894 0.894 0.894 1.000
v188	2.277 0.854 1.126	0.502 0.687 -0.525	0.894 0.894 0.894 1.000
v189	2.163 0.854 1.049	0.227 0.707 -0.670	0.894 0.894 0.894 1.000
v190	2.027 0.854 1.022	0.046 0.707 -0.706	0.894 0.894 0.894 1.000
v191	1.027 0.854 1.022	-0.089 0.676 -0.731	0.894 0.894 0.894 1.000
v192	0.892 0.854 1.049	-0.239 0.735 -0.635	0.894 0.894 0.894 1.000
v193	0.777 0.854 1.126	-0.466 0.707 -0.532	0.894 0.894 0.894 1.000
v194	0.701 0.854 1.240	-0.634 0.707 -0.313	0.894 0.894 0.894 1.000
v195	0.674 0.854 1.376	-0.704 0.704 -0.093	0.894 0.894 0.894 1.000
v196	0.565 0.691 2.376	-0.920 0.381 0.088	0.486 0.486 0.788 1.000
v197	0.601 0.691 2.553	-0.855 0.383 0.349	0.486 0.486 0.788 1.000
v198	0.701 0.691 2.702	-0.670 0.321 0.670	0.486 0.486 0.788 1.000
v199	0.851 0.691 2.803	-0.349 0.383 0.855	0.486 0.486 0.788 1.000
v200	1.027 0.691 2.838	-0.088 0.381 0.920	0.486 0.486 0.788 1.000
v201	2.027 0.691 2.838	0.088 0.441 0.893	0.486 0.486 0.788 1.000
v202	2.204 0.691 2.803	0.349 0.383 0.855	0.486 0.486 0.788 1.000
v203	2.354 0.691 2.702	0.650 0.383 0.657	0.486 0.486 0.788 1.000
v204	2.454 0.691 2.553	0.851 0.383 0.358	0.486 0.486 0.788 1.000
v205	2.489 0.691 2.376	0.920 0.382 0.093	0.486 0.486 0.788 1.000
v206	2.489 0.691 1.376	0.920 0.381 -0.088	0.486 0.486 0.788 1.000
v207	2.454 0.691 1.199	0.855 0.383 -0.349	0.486 0.486 0.788 1.000
v208	2.354 0.691 1.049	0.670 0.321 -0.670	0.486 0.486 0.788 1.000
v209	2.204 0.691 0.949	0.349 0.383 -0.855	0.486 0.486 0.788 1.000
v210	2.027 0.691 0.914	0.088 0.381 -0.920	0.486 0.486 0.788 1.000
v211	1.027 0.691 0.914	-0.093 0.382 -0.920	0.486 0.486 0.788 1.000
v212	0.851 0.691 0.949	-0.343 0.443 -0.828	0.486 0.486 0.788 1.000
v213	0.701 0.691 1.049	-0.650 0.383 -0.657	0.486 0.486 0.788 1.000
v214	0.601 0.691 1.199	-0.851 0.383 -0.358	0.486 0.486 0.788 1.000
v215	0.565 0.691 1.376	-0.920 0.382 -0.093	0.486 0.486 0.788 1.000
v216	0.527 0.500 2.376	-0.995 -0.001 0.098	0.894 0.894 0.894 1.000
v217	0.565 0.500 2.567	-0.924 0.000 0.383	0.894 0.894 0.894 1.000
v218	0.674 0.500 2.729	-0.734 -0.040 0.678	0.894 0.894 0.894 1.000
v219	0.836 0.500 2.838	-0.409 -0.028 0.912	0.894 0.894 0.894 1.000
v220	1.027 0.500 2.876	-0.098 -0.001 0.995	0.894 0.894 0.894 1.000
v221	2.027 0.500 2.876	0.112 0.029 0.993	0.894 0.894 0.894 1.000
v222	2.219 0.500 2.838	0.443 0.000 0.897	0.894 0.894 0.894 1.000
v223	2.381 0.500 2.729	0.734 0.040 0.678	0.894 0.894 0.894 1.000
v224	2.489 0.500 2.567	0.924 0.000 0.383	0.894 0.894 0.894 1.000
v225	2.527 0.500 2.376	0.995 0.001 0.098	0.894 0.894 0.894 1.000
v226	2.527 0.500 1.376	0.995 -0.001 -0.098	0.894 0.894 0.894 1.000
v227	2.489 0.500 1.184	0.924 0.000 -0.383	0.894 0.894 0.894 1.000
v228	2.381 0.500 1.022	0.734 -0.040 -0.678	0.894 0.894 0.894 1.000
v229	2.219 0.500 0.914	0.443 0.000 -0.897	0.894 0.894 0.894 1.000
v230	2.027 0.500 0.876	0.112 -0.029 -0.993	0.894 0.894 0.894 1.000
v231	1.027 0.500 0.876	-0.098 0.001 -0.995	0.894 0.894 0.894 1.000
v232	0.836 0.500 0.914	-0.409 0.028 -0.912	0.894 0.894 0.894 1.000
v233	0.674 0.500 1.022	-0.734 0.040 -0.678	0.894 0.894 0.894 1.000
v234	0.565 0.500 1.184	-0.924 0.000 -0.383	0.894 0.894 0.894 1.000
v235	0.527 0.500 1.376	-0.995 0.001 -0.098	0.894 0.894 0.894 1.000
v236	0.565 0.309 2.376	-0.920 -0.382 0.093	0.894 0.894 0.894 1.000
v237	0.601 0.309 2.553	-0.851 -0.383 0.358	0.894 0.894 0.894 1.000
v238	0.701 0.309 2.702	-0.650 -0.383 0.657	0.894 0.894 0.894 1.000
v239	0.851 0.309 2.803	-0.343 -0.443 0.828	0.894 0.894 0.894 1.000
v240	1.027 0.309 2.838	-0.093 -0.382 0.920	0.894 0.894 0.894 1.000
v241	2.027 0.309 2.838	0.088 -0.381 0.920	0.894 0.894 0.894 1.000
v242	2.204 0.309 2.803	0.349 -0.383 0.855	0.894 0.894 0.894 1.000
v243	2.354 0.309 2.702	0.670 -0.321 0.670	0.894 0.894 0.894 1.000
v244	2.454 0.309 2.553	0.855 -0.383 0.349	0.894 0.894 0.894 1.000
v245	2.489 0.309 2.376	0.920 -0.381 0.088	0.894 0.894 0.894 1.000
v246	2.489 0.309 1.376	0.920 -0.382 -0.093	0.894 0.894 0.894 1.000
v247	2.454 0.309 1.199	0.851 -0.383 -0.358	0.894 0.894 0.894 1.000
v248	2.354 0.309 1.049	0.650 -0.383 -0.657	0.894 0.894 0.894 1.000
v249	2.204 0.309 0.949	0.349 -0.383 -0.855	0.894 0.894 0.894 1.000
v250	2.027 0.309 0.914	0.088 -0.441 -0.893	0.894 0.894 0.894 1.000
v251	1.027 0.309 0.914	-0.088 -0.381 -0.920	0.894 0.894 0.894 1.000
v252	0.851 0.309 0.949	-0.349 -0.383 -0.855	0.894 0.894 0.894 1.000
v253	0.701 0.309 1.049	-0.670 -0.321 -0.670	0.894 0.894 0.894 1.000
v254	0.601 0.309 1.199	-0.855 -0.383 -0.349	0.894 0.894 0.894 1.000
v255	0.565 0.309 1.376	-0.920 -0.381 -0.088	0.894 0.894 0.894 1.000
v256	0.674 0.146 2.376	-0.704 -0.704 0.093	0.894 0.894 0.894 1.000
v257	0.701 0.146 2.511	-0.634 -0.707 0.313	0.894 0.894 0.894 1.000
v258	0.777 0.146 2.626	-0.466 -0.707 0.532	0.894 0.894 0.894 1.000
v259	0.892 0.146 2.702	-0.239 -0.735 0.635	0.894 0.894 0.894 1.000
v260	1.027 0.146 2.729	-0.089 -0.676 0.731	0.894 0.894 0.894 1.000
v261	2.027 0.146 2.729	0.046 -0.707 0.706	0.894 0.894 0.894 1.000
v262	2.163 0.146 2.702	0.227 -0.707 0.670	0.894 0.894 0.894 1.000
v263	2.277 0.146 2.626	0.502 -0.687 0.525	0.894 0.894 0.894 1.000
v264	2.354 0.146 2.511	0.643 -0.727 0.240	0.894 0.894 0.894 1.000
v265	2.381 0.146 2.376	0.706 -0.707 0.046	0.894 0.894 0.894 1.000
v266	2.381 0.146 1.376	0.704 -0.704 -0.093	0.894 0.894 0.894 1.000
v267	2.354 0.146 1.240	0.634 -0.707 -0.313	0.894 0.894 0.894 1.000
v268	2.277 0.146 1.126	0.466 -0.707 -0.532	0.894 0.894 0.894 1.000
v269	2.163 0.146 1.049	0.227 -0.707 -0.670	0.894 0.894 0.894 1.000
v270	2.027 0.146 1.022	0.070 -0.706 -0.705	0.894 0.894 0.894 1.000
v271	1.027 0.146 1.022	-0.046 -0.707 -0.706	0.894 0.894 0.894 1.000
v272	0.892 0.146 1.049	-0.227 -0.707 -0.670	0.894 0.894 0.894 1.000
v273	0.777 0.146 1.126	-0.502 -0.687 -0.525	0.894 0.894 0.894 1.000
v274	0.701 0.146 1.240	-0.656 -0.708 -0.262	0.894 0.894 0.894 1.000
v275	0.674 0.146 1.376	-0.686 -0.726 -0.056	0.894 0.894 0.894 1.000
v276	0.836 0.038 2.376	-0.419 -0.908 0.030	0.894 0.894 0.894 1.000
v277	0.851 0.038 2.449	-0.395 -0.908 0.139	0.894 0.894 0.894 1.000
v278	0.892 0.038 2.511	-0.312 -0.908 0.280	0.894 0.894 0.894 1.000
v279	0.954 0.038 2.553	-0.181 -0.908 0.378	0.894 0.894 0.894 1.000
v280	1.027 0.038 2.567	-0.044 -0.896 0.442	0.894 0.894 0.894 1.000
v281	2.027 0.038 2.567	0.044 -0.923 0.382	0.894 0.894 0.894 1.000
v282	2.101 0.038 2.553	0.181 -0.908 0.378	0.894 0.894 0.894 1.000
v283	2.163 0.038 2.511	0.312 -0.908 0.280	0.894 0.894 0.894 1.000
v284	2.204 0.038 2.449	0.353 -0.924 0.146	0.894 0.894 0.894 1.000
v285	2.219 0.038 2.376	0.382 -0.923 0.044	0.894 0.894 0.894 1.000
v286	2.219 0.038 1.376	0.419 -0.908 -0.030	0.894 0.894 0.894 1.000
v287	2.204 0.038 1.303	0.395 -0.908 -0.139	0.894 0.894 0.894 1.000
v288	2.163 0.038 1.240	0.312 -0.908 -0.280	0.894 0.894 0.894 1.000
v289	2.101 0.038 1.199	0.181 -0.908 -0.378	0.894 0.894 0.894 1.000
v290	2.027 0.038 1.184	0.044 -0.896 -0.442	0.894 0.894 0.894 1.000
v291	1.027 0.038 1.184	-0.044 -0.923 -0.382	0.894 0.894 0.894 1.000
v292	0.954 0.038 1.199	-0.181 -0.908 -0.378	0.894 0.894 0.894 1.000
v293	0.892 0.038 1.240	-0.312 -0.908 -0.280	0.894 0.894 0.894 1.000
v294	0.851 0.038 1.303	-0.395 -0.908 -0.139	0.894 0.894 0.894 1.000
v295	0.836 0.038 1.376	-0.345 -0.938 -0.030	0.894 0.894 0.894 1.000
v296	3.009 2.000 0.630	0.000 1.000 0.000	0.894 0.894 0.894 1.000
v297	2.793 1.933 0.755	-0.330 0.906 0.265	0.894 0.894 0.894 1.000
v298	3.009 2.000 0.630	0.000 1.000 0.000	0.894 0.894 0.894 1.000
v299	2.884 1.933 0.846	-0.164 0.863 0.478	0.894 0.894 0.894 1.000
v300	3.009 2.000 0.630	0.000 1.000 0.000	0.894 0.894 0.894 1.000
v301	3.009 1.933 0.880	0.064 0.906 0.418	0.894 0.894 0.894 1.000
v302	3.009 2.000 0.630	0.000 1.000 0.000	0.894 0.894 0.894 1.000
v303	3.134 1.933 0.846	0.332 0.863 0.381	0.894 0.894 0.894 1.000
v304	3.009 2.000 0.630	0.000 1.000 0.000	0.894 0.894 0.894 1.000
v305	3.226 1.933 0.755	0.478 0.863 0.164	0.894 0.894 0.894 1.000
v306	3.009 2.000 0.630	0.000 1.000 0.000	0.894 0.894 0.894 1.000
v307	3.259 1.933 0.630	0.418 0.906 -0.064	0.894 0.894 0.894 1.000
v308	3.009 2.000 0.630	0.000 1.000 0.000	0.894 0.894 0.894 1.000
v309	3.226 1.933 0.505	0.330 0.906 -0.265	0.894 0.894 0.894 1.000
v310	3.009 2.000 0.630	0.000 1.000 0.000	0.894 0.894 0.894 1.000
v311	3.134 1.933 0.413	0.154 0.906 -0.395	0.894 0.894 0.894 1.000
v312	3.009 2.000 0.630	0.000 1.000 0.000	0.894 0.894 0.894 1.000
v313	3.009 1.933 0.380	-0.097 0.863 -0.496	0.894 0.894 0.894 1.000
v314	3.009 2.000 0.630	0.000 1.000 0.000	0.894 0.894 0.894 1.000
v315	2.884 1.933 0.413	-0.332 0.863 -0.381	0.894 0.894 0.894 1.000
v316	3.009 2.000 0.630	0.000 1.000 0.000	0.894 0.894 0.894 1.000
v317	2.759 1.933 0.630	-0.418 0.906 -0.064	0.894 0.894 0.894 1.000
v318	2.793 1.933 0.505	-0.478 0.863 -0.164	0.894 0.894 0.894 1.000
v319	2.759 1.933 0.630	-0.608 0.791 0.066	0.894 0.894 0.894 1.000
v320	2.793 1.933 0.755	-0.509 0.819 0.266	0.894 0.894 0.894 1.000
v321	2.634 1.750 0.846	-0.661 0.574 0.483	0.894 0.894 0.894 1.000
v322	2.884 1.933 0.846	-0.327 0.776 0.538	0.894 0.894 0.894 1.000
v323	2.793 1.933 0.755	-0.485 0.819 0.308	0.894 0.894 0.894 1.000
v324	2.793 1.750 1.005	-0.315 0.497 0.809	0.894 0.894 0.894 1.000
v325	2.884 1.933 0.846	-0.303 0.776 0.553	0.894 0.894 0.894 1.000
v326	3.009 1.933 0.880	-0.024 0.819 0.573	0.894 0.894 0.894 1.000
v327	3.134 1.933 0.846	0.303 0.776 0.553	0.894 0.894 0.894 1.000
v328	3.009 1.750 1.063	0.052 0.631 0.774	0.894 0.894 0.894 1.000
v329	3.009 1.933 0.880	0.024 0.819 0.573	0.894 0.894 0.894 1.000
v330	3.134 1.933 0.846	0.327 0.776 0.538	0.894 0.894 0.894 1.000
v331	3.226 1.750 1.005	0.483 0.574 0.661	0.894 0.894 0.894 1.000
v332	3.226 1.933 0.755	0.543 0.793 0.278	0.894 0.894 0.894 1.000
v333	3.384 1.750 0.846	0.693 0.612 0.381	0.894 0.894 0.894 1.000
v334	3.226 1.933 0.755	0.560 0.791 0.247	0.894 0.894 0.894 1.000
v335	3.259 1.933 0.630	0.573 0.819 0.024	0.894 0.894 0.894 1.000
v336	3.226 1.933 0.505	0.560 0.791 -0.247	0.894 0.894 0.894 1.000
v337	3.442 1.750 0.630	0.774 0.631 -0.052	0.894 0.894 0.894 1.000
v338	3.259 1.933 0.630	0.573 0.819 -0.024	0.894 0.894 0.894 1.000
v339	3.134 1.933 0.413	0.361 0.791 -0.493	0.894 0.894 0.894 1.000
v340	3.384 1.750 0.413	0.645 0.542 -0.539	0.894 0.894 0.894 1.000
v341	3.226 1.933 0.505	0.543 0.793 -0.278	0.894 0.894 0.894 1.000
v342	3.226 1.750 0.255	0.289 0.542 -0.789	0.894 0.894 0.894 1.000
v343	3.134 1.933 0.413	0.331 0.793 -0.512	0.894 0.894 0.894 1.000
v344	3.009 1.933 0.380	0.014 0.776 -0.630	0.894 0.894 0.894 1.000
v345	3.009 1.933 0.380	-0.014 0.776 -0.630	0.894 0.894 0.894 1.000
v346	2.884 1.933 0.413	-0.331 0.793 -0.512	0.894 0.894 0.894 1.000
v347	3.009 1.750 0.197	-0.132 0.497 -0.857	0.894 0.894 0.894 1.000
v348	2.884 1.933 0.413	-0.361 0.791 -0.493	0.894 0.894 0.894 1.000
v349	2.793 1.933 0.505	-0.543 0.793 -0.278	0.894 0.894 0.894 1.000
v350	2.793 1.750 0.255	-0.410 0.612 -0.677	0.894 0.894 0.894 1.000
v351	2.793 1.933 0.505	-0.560 0.791 -0.247	0.894 0.894 0.894 1.000
v352	2.759 1.933 0.630	-0.609 0.793 0.030	0.894 0.894 0.894 1.000
v353	2.576 1.750 0.630	-0.828 0.542 -0.144	0.894 0.894 0.894 1.000
v354	2.634 1.750 0.413	-0.693 0.612 -0.381	0.894 0.894 0.894 1.000
v355	2.576 1.750 0.630	-0.924 0.382 -0.017	0.486 0.486 0.788 1.000
v356	2.634 1.750 0.846	-0.816 0.422 0.395	0.486 0.486 0.788 1.000
v357	2.576 1.500 0.880	-0.784 0.129 0.607	0.486 0.486 0.788 1.000
v358	2.634 1.750 0.846	-0.750 0.422 0.509	0.486 0.486 0.788 1.000
v359	2.793 1.750 1.005	-0.447 0.382 0.809	0.486 0.486 0.788 1.000
v360	2.759 1.500 1.063	-0.445 0.156 0.882	0.486 0.486 0.788 1.000
v361	2.793 1.750 1.005	-0.360 0.379 0.852	0.486 0.486 0.788 1.000
v362	3.009 1.750 1.063	-0.098 0.499 0.861	0.486 0.486 0.788 1.000
v363	3.226 1.750 1.005	0.360 0.379 0.852	0.486 0.486 0.788 1.000
v364	3.009 1.500 1.130	0.090 0.173 0.981	0.486 0.486 0.788 1.000
v365	3.009 1.750 1.063	0.098 0.499 0.861	0.486 0.486 0.788 1.000
v366	3.384 1.750 0.846	0.699 0.451 0.555	0.486 0.486 0.788 1.000
v367	3.259 1.500 1.063	0.625 0.155 0.765	0.486 0.486 0.788 1.000
v368	3.226 1.750 1.005	0.447 0.382 0.809	0.486 0.486 0.788 1.000
v369	3.442 1.500 0.880	0.908 0.194 0.372	0.486 0.486 0.788 1.000
v370	3.384 1.750 0.846	0.792 0.382 0.477	0.486 0.486 0.788 1.000
v371	3.442 1.750 0.630	0.883 0.451 0.131	0.486 0.486 0.788 1.000
v372	3.509 1.500 0.630	0.972 0.194 -0.131	0.486 0.486 0.788 1.000
v373	3.442 1.750 0.630	0.890 0.454 -0.026	0.486 0.486 0.788 1.000
v374	3.384 1.750 0.413	0.828 0.357 -0.433	0.486 0.486 0.788 1.000
v375	3.384 1.750 0.413	0.750 0.422 -0.509	0.486 0.486 0.788 1.000
v376	3.226 1.750 0.255	0.447 0.382 -0.809	0.486 0.486 0.788 1.000
v377	3.442 1.500 0.380	0.784 0.129 -0.607	0.486 0.486 0.788 1.000
v378	3.226 1.750 0.255	0.328 0.451 -0.830	0.486 0.486 0.788 1.000
v379	3.009 1.750 0.197	-0.017 0.382 -0.924	0.486 0.486 0.788 1.000
v380	3.259 1.500 0.197	0.445 0.156 -0.882	0.486 0.486 0.788 1.000
v381	3.009 1.750 0.197	-0.115 0.379 -0.918	0.486 0.486 0.788 1.000
v382	2.793 1.750 0.255	-0.345 0.499 -0.795	0.486 0.486 0.788 1.000
v383	3.009 1.500 0.130	-0.056 0.156 -0.986	0.486 0.486 0.788 1.000
v384	2.759 1.500 0.197	-0.568 0.173 -0.805	0.486 0.486 0.788 1.000
v385	2.634 1.750 0.413	-0.699 0.451 -0.555	0.486 0.486 0.788 1.000
v386	2.793 1.750 0.255	-0.509 0.422 -0.750	0.486 0.486 0.788 1.000
v387	2.576 1.500 0.380	-0.908 0.194 -0.372	0.486 0.486 0.788 1.000
v388	2.634 1.750 0.413	-0.792 0.382 -0.477	0.486 0.486 0.788 1.000
v389	2.576 1.750 0.630	-0.883 0.451 -0.131	0.486 0.486 0.788 1.000
v390	2.509 1.500 0.630	-0.986 0.156 -0.056	0.486 0.486 0.788 1.000
v391	2.509 1.500 0.630	-0.993 0.104 0.050	0.894 0.894 0.894 1.000
v392	2.576 1.500 0.880	-0.890 0.052 0.454	0.894 0.894 0.894 1.000
v393	2.576 0.500 0.880	-0.816 -0.087 0.571	0.894 0.894 0.894 1.000
v394	2.576 1.500 0.880	-0.838 0.052 0.544	0.894 0.894 0.894 1.000
v395	2.759 1.500 1.063	-0.540 0.104 0.835	0.894 0.894 0.894 1.000
v396	2.759 0.500 1.063	-0.453 -0.104 0.885	0.894 0.894 0.894 1.000
v397	2.759 1.500 1.063	-0.381 0.065 0.922	0.894 0.894 0.894 1.000
v398	3.009 1.500 1.130	-0.050 0.104 0.993	0.894 0.894 0.894 1.000
v399	3.009 0.500 1.130	0.050 -0.104 0.993	0.894 0.894 0.894 1.000
v400	3.009 1.500 1.130	0.157 0.103 0.982	0.894 0.894 0.894 1.000
v401	3.259 1.500 1.063	0.501 0.065 0.863	0.894 0.894 0.894 1.000
v402	3.259 0.500 1.063	0.540 -0.104 0.835	0.894 0.894 0.894 1.000
v403	3.259 1.500 1.063	0.627 0.103 0.772	0.894 0.894 0.894 1.000
v404	3.442 1.500 0.880	0.816 0.087 0.571	0.894 0.894 0.894 1.000
v405	3.442 0.500 0.880	0.890 -0.052 0.454	0.486 0.486 0.788 1.000
v406	3.442 1.500 0.880	0.916 0.130 0.379	0.486 0.486 0.788 1.000
v407	3.509 1.500 0.630	0.989 0.065 0.131	0.486 0.486 0.788 1.000
v408	3.509 0.500 0.630	0.989 -0.065 -0.131	0.894 0.894 0.894 1.000
v409	3.509 1.500 0.630	0.993 0.104 -0.050	0.894 0.894 0.894 1.000
v410	3.442 1.500 0.380	0.890 0.052 -0.454	0.894 0.894 0.894 1.000
v411	3.442 1.500 0.380	0.838 0.052 -0.544	0.894 0.894 0.894 1.000
v412	3.259 1.500 0.197	0.540 0.104 -0.835	0.894 0.894 0.894 1.000
v413	3.442 0.500 0.380	0.816 -0.087 -0.571	0.894 0.894 0.894 1.000
v414	3.259 1.500 0.197	0.381 0.065 -0.922	0.894 0.894 0.894 1.000
v415	3.009 1.500 0.130	0.050 0.104 -0.993	0.894 0.894 0.894 1.000
v416	3.259 0.500 0.197	0.501 -0.065 -0.863	0.894 0.894 0.894 1.000
v417	3.009 1.500 0.130	-0.131 0.065 -0.989	0.894 0.894 0.894 1.000
v418	2.759 1.500 0.197	-0.453 0.104 -0.885	0.894 0.894 0.894 1.000
v419	3.009 0.500 0.130	-0.050 -0.104 -0.993	0.894 0.894 0.894 1.000
v420	2.759 1.500 0.197	-0.627 0.103 -0.772	0.894 0.894 0.894 1.000
v421	2.576 1.500 0.380	-0.816 0.087 -0.571	0.894 0.894 0.894 1.000
v422	2.759 0.500 0.197	-0.540 -0.104 -0.835	0.894 0.894 0.894 1.000
v423	2.576 0.500 0.380	-0.890 -0.052 -0.454	0.486 0.486 0.788 1.000
v424	2.576 1.500 0.380	-0.916 0.130 -0.379	0.486 0.486 0.788 1.000
v425	2.509 1.500 0.630	-0.989 0.065 -0.131	0.486 0.486 0.788 1.000
v426	2.509 0.500 0.630	-0.993 -0.104 -0.050	0.486 0.486 0.788 1.000
v427	2.509 0.500 0.630	-0.986 -0.156 0.056	0.486 0.486 0.788 1.000
v428	2.576 0.500 0.880	-0.908 -0.194 0.372	0.486 0.486 0.788 1.000
v429	2.759 0.500 1.063	-0.568 -0.173 0.805	0.486 0.486 0.788 1.000
v430	2.634 0.250 0.846	-0.699 -0.451 0.555	0.486 0.486 0.788 1.000
v431	2.576 0.500 0.880	-0.848 -0.195 0.492	0.486 0.486 0.788 1.000
v432	2.793 0.250 1.005	-0.345 -0.499 0.795	0.486 0.486 0.788 1.000
v433	2.759 0.500 1.063	-0.442 -0.208 0.873	0.486 0.486 0.788 1.000
v434	3.009 0.500 1.130	-0.056 -0.156 0.986	0.486 0.486 0.788 1.000
v435	3.009 0.250 1.063	0.026 -0.454 0.890	0.486 0.486 0.788 1.000
v436	3.009 0.500 1.130	0.131 -0.194 0.972	0.486 0.486 0.788 1.000
v437	3.259 0.500 1.063	0.445 -0.156 0.882	0.486 0.486 0.788 1.000
v438	3.226 0.250 1.005	0.447 -0.382 0.809	0.486 0.486 0.788 1.000
v439	3.259 0.500 1.063	0.600 -0.194 0.776	0.486 0.486 0.788 1.000
v440	3.442 0.500 0.880	0.784 -0.129 0.607	0.486 0.486 0.788 1.000
v441	3.384 0.250 0.846	0.816 -0.422 0.395	0.486 0.486 0.788 1.000
v442	3.442 0.500 0.880	0.918 -0.129 0.375	0.486 0.486 0.788 1.000
v443	3.509 0.500 0.630	0.972 -0.194 0.131	0.486 0.486 0.788 1.000
v444	3.442 0.250 0.630	0.883 -0.451 -0.131	0.486 0.486 0.788 1.000
v445	3.509 0.500 0.630	0.986 -0.156 -0.056	0.486 0.486 0.788 1.000
v446	3.442 0.500 0.380	0.908 -0.194 -0.372	0.486 0.486 0.788 1.000
v447	3.384 0.250 0.413	0.699 -0.451 -0.555	0.486 0.486 0.788 1.000
v448	3.259 0.500 0.197	0.625 -0.155 -0.765	0.486 0.486 0.788 1.000
v449	3.442 0.500 0.380	0.848 -0.195 -0.492	0.486 0.486 0.788 1.000
v450	3.226 0.250 0.255	0.328 -0.451 -0.830	0.486 0.486 0.788 1.000
v451	3.009 0.500 0.130	0.090 -0.173 -0.981	0.486 0.486 0.788 1.000
v452	3.259 0.500 0.197	0.488 -0.195 -0.850	0.486 0.486 0.788 1.000
v453	3.009 0.500 0.130	-0.054 -0.208 -0.977	0.486 0.486 0.788 1.000
v454	2.759 0.500 0.197	-0.445 -0.156 -0.882	0.486 0.486 0.788 1.000
v455	3.009 0.250 0.197	-0.066 -0.422 -0.904	0.486 0.486 0.788 1.000
v456	2.759 0.500 0.197	-0.600 -0.194 -0.776	0.486 0.486 0.788 1.000
v457	2.576 0.500 0.380	-0.784 -0.129 -0.607	0.486 0.486 0.788 1.000
v458	2.793 0.250 0.255	-0.447 -0.382 -0.809	0.486 0.486 0.788 1.000
v459	2.634 0.250 0.413	-0.828 -0.357 -0.433	0.486 0.486 0.788 1.000
v460	2.576 0.500 0.380	-0.918 -0.129 -0.375	0.486 0.486 0.788 1.000
v461	2.509 0.500 0.630	-0.972 -0.194 -0.131	0.486 0.486 0.788 1.000
v462	2.576 0.250 0.630	-0.890 -0.454 -0.026	0.486 0.486 0.788 1.000
v463	2.576 0.250 0.630	-0.814 -0.574 0.088	0.894 0.894 0.894 1.000
v464	2.634 0.250 0.846	-0.693 -0.612 0.381	0.894 0.894 0.894 1.000
v465	2.634 0.250 0.846	-0.645 -0.542 0.539	0.894 0.894 0.894 1.000
v466	2.793 0.250 1.005	-0.410 -0.612 0.677	0.894 0.894 0.894 1.000
v467	2.793 0.067 0.755	-0.543 -0.793 0.278	0.894 0.894 0.894 1.000
v468	2.884 0.067 0.846	-0.331 -0.793 0.512	0.894 0.894 0.894 1.000
v469	2.793 0.250 1.005	-0.295 -0.608 0.737	0.894 0.894 0.894 1.000
v470	3.009 0.250 1.063	-0.067 -0.546 0.835	0.894 0.894 0.894 1.000
v471	3.009 0.067 0.880	-0.030 -0.793 0.609	0.894 0.894 0.894 1.000
v472	3.009 0.250 1.063	0.114 -0.608 0.786	0.894 0.894 0.894 1.000
v473	3.226 0.250 1.005	0.315 -0.497 0.809	0.894 0.894 0.894 1.000
v474	3.384 0.250 0.846	0.661 -0.574 0.483	0.894 0.894 0.894 1.000
v475	3.134 0.067 0.846	0.327 -0.776 0.538	0.894 0.894 0.894 1.000
v476	3.226 0.250 1.005	0.483 -0.574 0.661	0.894 0.894 0.894 1.000
v477	3.226 0.067 0.755	0.509 -0.819 0.266	0.894 0.894 0.894 1.000
v478	3.384 0.250 0.846	0.749 -0.574 0.331	0.894 0.894 0.894 1.000
v479	3.442 0.250 0.630	0.791 -0.612 0.017	0.894 0.894 0.894 1.000
v480	3.259 0.067 0.630	0.609 -0.793 0.030	0.894 0.894 0.894 1.000
v481	3.442 0.250 0.630	0.828 -0.542 -0.144	0.894 0.894 0.894 1.000
v482	3.384 0.250 0.413	0.693 -0.612 -0.381	0.894 0.894 0.894 1.000
v483	3.384 0.250 0.413	0.645 -0.542 -0.539	0.894 0.894 0.894 1.000
v484	3.226 0.067 0.505	0.543 -0.793 -0.278	0.894 0.894 0.894 1.000
v485	3.226 0.250 0.255	0.410 -0.612 -0.677	0.894 0.894 0.894 1.000
v486	3.226 0.250 0.255	0.289 -0.542 -0.789	0.894 0.894 0.894 1.000
v487	3.134 0.067 0.413	0.331 -0.793 -0.512	0.894 0.894 0.894 1.000
v488	3.009 0.250 0.197	0.088 -0.574 -0.814	0.894 0.894 0.894 1.000
v489	2.793 0.250 0.255	-0.289 -0.542 -0.789	0.894 0.894 0.894 1.000
v490	3.009 0.067 0.380	-0.014 -0.776 -0.630	0.894 0.894 0.894 1.000
v491	3.009 0.250 0.197	-0.088 -0.574 -0.814	0.894 0.894 0.894 1.000
v492	2.884 0.067 0.413	-0.361 -0.791 -0.493	0.894 0.894 0.894 1.000
v493	2.634 0.250 0.413	-0.645 -0.542 -0.539	0.894 0.894 0.894 1.000
v494	2.793 0.250 0.255	-0.410 -0.612 -0.677	0.894 0.894 0.894 1.000
v495	2.793 0.067 0.505	-0.560 -0.791 -0.247	0.894 0.894 0.894 1.000
v496	2.576 0.250 0.630	-0.774 -0.631 -0.052	0.894 0.894 0.894 1.000
v497	2.759 0.067 0.630	-0.573 -0.819 -0.024	0.894 0.894 0.894 1.000
v498	2.634 0.250 0.413	-0.757 -0.546 -0.360	0.894 0.894 0.894 1.000
v499	2.759 0.067 0.630	-0.418 -0.906 0.064	0.894 0.894 0.894 1.000
v500	2.793 0.067 0.755	-0.478 -0.863 0.164	0.894 0.894 0.894 1.000
v501	2.793 0.067 0.755	-0.330 -0.906 0.265	0.894 0.894 0.894 1.000
v502	2.884 0.067 0.846	-0.332 -0.863 0.381	0.894 0.894 0.894 1.000
v503	3.009 0.000 0.630	0.000 -1.000 0.000	0.894 0.894 0.894 1.000
v504	2.884 0.067 0.846	-0.154 -0.906 0.395	0.894 0.894 0.894 1.000
v505	3.009 0.067 0.880	-0.097 -0.863 0.496	0.894 0.894 0.894 1.000
v506	3.009 0.000 0.630	0.000 -1.000 0.000	0.894 0.894 0.894 1.000
v507	3.009 0.067 0.880	0.064 -0.906 0.418	0.894 0.894 0.894 1.000
v508	3.134 0.067 0.846	0.164 -0.863 0.478	0.894 0.894 0.894 1.000
v509	3.009 0.000 0.630	0.000 -1.000 0.000	0.894 0.894 0.894 1.000
v510	3.134 0.067 0.846	0.332 -0.863 0.381	0.894 0.894 0.894 1.000
v511	3.226 0.067 0.755	0.330 -0.906 0.265	0.894 0.894 0.894 1.000
v512	3.009 0.000 0.630	0.000 -1.000 0.000	0.894 0.894 0.894 1.000
v513	3.226 0.067 0.755	0.395 -0.906 0.154	0.894 0.894 0.894 1.000
v514	3.259 0.067 0.630	0.496 -0.863 0.097	0.894 0.894 0.894 1.000
v515	3.009 0.000 0.630	0.000 -1.000 0.000	0.894 0.894 0.894 1.000
v516	3.259 0.067 0.630	0.418 -0.906 -0.064	0.894 0.894 0.894 1.000
v517	3.226 0.067 0.505	0.478 -0.863 -0.164	0.894 0.894 0.894 1.000
v518	3.009 0.000 0.630	0.000 -1.000 0.000	0.894 0.894 0.894 1.000
v519	3.226 0.067 0.505	0.330 -0.906 -0.265	0.894 0.894 0.894 1.000
v520	3.134 0.067 0.413	0.332 -0.863 -0.381	0.894 0.894 0.894 1.000
v521	3.009 0.000 0.630	0.000 -1.000 0.000	0.894 0.894 0.894 1.000
v522	3.134 0.067 0.413	0.154 -0.906 -0.395	0.894 0.894 0.894 1.000
v523	3.009 0.067 0.380	0.097 -0.863 -0.496	0.894 0.894 0.894 1.000
v524	3.009 0.000 0.630	0.000 -1.000 0.000	0.894 0.894 0.894 1.000
v525	3.009 0.067 0.380	-0.097 -0.863 -0.496	0.894 0.894 0.894 1.000
v526	2.884 0.067 0.413	-0.154 -0.906 -0.395	0.894 0.894 0.894 1.000
v527	3.009 0.000 0.630	0.000 -1.000 0.000	0.894 0.894 0.894 1.000
v528	2.884 0.067 0.413	-0.332 -0.863 -0.381	0.894 0.894 0.894 1.000
v529	2.793 0.067 0.505	-0.330 -0.906 -0.265	0.894 0.894 0.894 1.000
v530	3.009 0.000 0.630	0.000 -1.000 0.000	0.894 0.894 0.894 1.000
v531	2.793 0.067 0.505	-0.478 -0.863 -0.164	0.894 0.894 0.894 1.000
v532	2.759 0.067 0.630	-0.418 -0.906 -0.064	0.894 0.894 0.894 1.000
v533	3.009 0.000 0.630	0.000 -1.000 0.000	0.894 0.894 0.894 1.000
v534	2.090 2.000 0.644	0.000 1.000 0.000	0.894 0.894 0.894 1.000
v535	1.873 1.933 0.769	-0.330 0.906 0.265	0.894 0.894 0.894 1.000
v536	2.090 2.000 0.644	0.000 1.000 0.000	0.894 0.894 0.894 1.000
v537	1.965 1.933 0.860	-0.154 0.906 0.395	0.894 0.894 0.894 1.000
v538	2.090 2.000 0.644	0.000 1.000 0.000	0.894 0.894 0.894 1.000
v539	2.090 1.933 0.894	0.064 0.906 0.418	0.894 0.894 0.894 1.000
v540	2.090 2.000 0.644	0.000 1.000 0.000	0.894 0.894 0.894 1.000
v541	2.215 1.933 0.860	0.332 0.863 0.381	0.894 0.894 0.894 1.000
v542	2.090 2.000 0.644	0.000 1.000 0.000	0.894 0.894 0.894 1.000
v543	2.306 1.933 0.769	0.478 0.863 0.164	0.894 0.894 0.894 1.000
v544	2.090 2.000 0.644	0.000 1.000 0.000	0.894 0.894 0.894 1.000
v545	2.340 1.933 0.644	0.418 0.906 -0.064	0.894 0.894 0.894 1.000
v546	2.090 2.000 0.644	0.000 1.000 0.000	0.894 0.894 0.894 1.000
v547	2.306 1.933 0.519	0.330 0.906 -0.265	0.894 0.894 0.894 1.000
v548	2.090 2.000 0.644	0.000 1.000 0.000	0.894 0.894 0.894 1.000
v549	2.215 1.933 0.427	0.154 0.906 -0.395	0.894 0.894 0.894 1.000
v550	2.090 2.000 0.644	0.000 1.000 0.000	0.894 0.894 0.894 1.000
v551	2.090 1.933 0.394	-0.097 0.863 -0.496	0.894 0.894 0.894 1.000
v552	2.090 2.000 0.644	0.000 1.000 0.000	0.894 0.894 0.894 1.000
v553	1.965 1.933 0.427	-0.332 0.863 -0.381	0.894 0.894 0.894 1.000
v554	2.090 2.000 0.644	0.000 1.000 0.000	0.894 0.894 0.894 1.000
v555	1.840 1.933 0.644	-0.418 0.906 -0.064	0.894 0.894 0.894 1.000
v556	1.873 1.933 0.519	-0.478 0.863 -0.164	0.894 0.894 0.894 1.000
v557	1.840 1.933 0.644	-0.573 0.819 0.024	0.894 0.894 0.894 1.000
v558	1.873 1.933 0.769	-0.560 0.791 0.247	0.894 0.894 0.894 1.000
v559	1.715 1.750 0.860	-0.624 0.608 0.491	0.894 0.894 0.894 1.000
v560	1.965 1.933 0.860	-0.361 0.791 0.493	0.894 0.894 0.894 1.000
v561	1.873 1.933 0.769	-0.543 0.793 0.278	0.894 0.894 0.894 1.000
v562	2.090 1.933 0.894	-0.066 0.791 0.608	0.894 0.894 0.894 1.000
v563	1.873 1.750 1.019	-0.289 0.542 0.789	0.894 0.894 0.894 1.000
v564	1.965 1.933 0.860	-0.331 0.793 0.512	0.894 0.894 0.894 1.000
v565	2.215 1.933 0.860	0.303 0.776 0.553	0.894 0.894 0.894 1.000
v566	2.090 1.750 1.077	0.114 0.608 0.786	0.894 0.894 0.894 1.000
v567	2.090 1.933 0.894	-0.030 0.793 0.609	0.894 0.894 0.894 1.000
v568	2.215 1.933 0.860	0.327 0.776 0.538	0.894 0.894 0.894 1.000
v569	2.306 1.750 1.019	0.483 0.574 0.661	0.894 0.894 0.894 1.000
v570	2.306 1.933 0.769	0.543 0.793 0.278	0.894 0.894 0.894 1.000
v571	2.465 1.750 0.860	0.693 0.612 0.381	0.894 0.894 0.894 1.000
v572	2.306 1.933 0.769	0.560 0.791 0.247	0.894 0.894 0.894 1.000
v573	2.340 1.933 0.644	0.573 0.819 0.024	0.894 0.894 0.894 1.000
v574	2.306 1.933 0.519	0.560 0.791 -0.247	0.894 0.894 0.894 1.000
v575	2.523 1.750 0.644	0.774 0.631 -0.052	0.894 0.894 0.894 1.000
v576	2.340 1.933 0.644	0.573 0.819 -0.024	0.894 0.894 0.894 1.000
v577	2.215 1.933 0.427	0.361 0.791 -0.493	0.894 0.894 0.894 1.000
v578	2.465 1.750 0.427	0.645 0.542 -0.539	0.894 0.894 0.894 1.000
v579	2.306 1.933 0.519	0.543 0.793 -0.278	0.894 0.894 0.894 1.000
v580	2.306 1.750 0.269	0.289 0.542 -0.789	0.894 0.894 0.894 1.000
v581	2.215 1.933 0.427	0.331 0.793 -0.512	0.894 0.894 0.894 1.000
v582	2.090 1.933 0.394	0.014 0.776 -0.630	0.894 0.894 0.894 1.000
v583	2.090 1.933 0.394	-0.014 0.776 -0.630	0.894 0.894 0.894 1.000
v584	1.965 1.933 0.427	-0.331 0.793 -0.512	0.894 0.894 0.894 1.000
v585	2.090 1.750 0.211	-0.132 0.497 -0.857	0.894 0.894 0.894 1.000
v586	1.965 1.933 0.427	-0.361 0.791 -0.493	0.894 0.894 0.894 1.000
v587	1.873 1.933 0.519	-0.543 0.793 -0.278	0.894 0.894 0.894 1.000
v588	1.873 1.750 0.269	-0.410 0.612 -0.677	0.894 0.894 0.894 1.000
v589	1.873 1.933 0.519	-0.560 0.791 -0.247	0.894 0.894 0.894 1.000
v590	1.840 1.933 0.644	-0.573 0.819 -0.024	0.894 0.894 0.894 1.000
v591	1.657 1.750 0.644	-0.814 0.574 -0.088	0.894 0.894 0.894 1.000
v592	1.715 1.750 0.427	-0.693 0.612 -0.381	0.894 0.894 0.894 1.000
v593	1.657 1.750 0.644	-0.890 0.454 0.026	0.486 0.486 0.788 1.000
v594	1.715 1.750 0.860	-0.852 0.379 0.360	0.486 0.486 0.788 1.000
v595	1.657 1.500 0.894	-0.765 0.155 0.625	0.486 0.486 0.788 1.000
v596	1.715 1.750 0.860	-0.758 0.454 0.468	0.486 0.486 0.788 1.000
v597	1.873 1.750 1.019	-0.501 0.357 0.789	0.486 0.486 0.788 1.000
v598	1.840 1.500 1.077	-0.375 0.129 0.918	0.486 0.486 0.788 1.000
v599	1.873 1.750 1.019	-0.395 0.422 0.816	0.486 0.486 0.788 1.000
v600	2.090 1.750 1.077	-0.066 0.422 0.904	0.486 0.486 0.788 1.000
v601	2.306 1.750 1.019	0.360 0.379 0.852	0.486 0.486 0.788 1.000
v602	2.090 1.500 1.144	0.090 0.173 0.981	0.486 0.486 0.788 1.000
v603	2.090 1.750 1.077	0.098 0.499 0.861	0.486 0.486 0.788 1.000
v604	2.465 1.750 0.860	0.699 0.451 0.555	0.486 0.486 0.788 1.000
v605	2.340 1.500 1.077	0.625 0.155 0.765	0.486 0.486 0.788 1.000
v606	2.306 1.750 1.019	0.447 0.382 0.809	0.486 0.486 0.788 1.000
v607	2.523 1.500 0.894	0.908 0.194 0.372	0.486 0.486 0.788 1.000
v608	2.465 1.750 0.860	0.792 0.382 0.477	0.486 0.486 0.788 1.000
v609	2.523 1.750 0.644	0.883 0.451 0.131	0.486 0.486 0.788 1.000
v610	2.590 1.500 0.644	0.972 0.194 -0.131	0.486 0.486 0.788 1.000
v611	2.523 1.750 0.644	0.890 0.454 -0.026	0.486 0.486 0.788 1.000
v612	2.465 1.750 0.427	0.828 0.357 -0.433	0.486 0.486 0.788 1.000
v613	2.465 1.750 0.427	0.750 0.422 -0.509	0.486 0.486 0.788 1.000
v614	2.306 1.750 0.269	0.447 0.382 -0.809	0.486 0.486 0.788 1.000
v615	2.523 1.500 0.394	0.784 0.129 -0.607	0.486 0.486 0.788 1.000
v616	2.306 1.750 0.269	0.328 0.451 -0.830	0.486 0.486 0.788 1.000
v617	2.090 1.750 0.211	-0.017 0.382 -0.924	0.486 0.486 0.788 1.000
v618	2.340 1.500 0.211	0.445 0.156 -0.882	0.486 0.486 0.788 1.000
v619	2.090 1.750 0.211	-0.115 0.379 -0.918	0.486 0.486 0.788 1.000
v620	1.873 1.750 0.269	-0.345 0.499 -0.795	0.486 0.486 0.788 1.000
v621	2.090 1.500 0.144	-0.056 0.156 -0.986	0.486 0.486 0.788 1.000
v622	1.840 1.500 0.211	-0.568 0.173 -0.805	0.486 0.486 0.788 1.000
v623	1.873 1.750 0.269	-0.509 0.422 -0.750	0.486 0.486 0.788 1.000
v624	1.715 1.750 0.427	-0.699 0.451 -0.555	0.486 0.486 0.788 1.000
v625	1.657 1.500 0.394	-0.908 0.194 -0.372	0.486 0.486 0.788 1.000
v626	1.715 1.750 0.427	-0.792 0.382 -0.477	0.486 0.486 0.788 1.000
v627	1.657 1.750 0.644	-0.883 0.451 -0.131	0.486 0.486 0.788 1.000
v628	1.590 1.500 0.644	-0.986 0.156 -0.056	0.486 0.486 0.788 1.000
v629	1.590 1.500 0.644	-0.993 0.104 0.050	0.894 0.894 0.894 1.000
v630	1.657 1.500 0.894	-0.890 0.052 0.454	0.894 0.894 0.894 1.000
v631	1.657 0.500 0.894	-0.816 -0.087 0.571	0.894 0.894 0.894 1.000
v632	1.657 1.500 0.894	-0.816 0.087 0.571	0.894 0.894 0.894 1.000
v633	1.840 1.500 1.077	-0.497 0.065 0.865	0.894 0.894 0.894 1.000
v634	1.840 0.500 1.077	-0.453 -0.104 0.885	0.894 0.894 0.894 1.000
v635	1.840 1.500 1.077	-0.381 0.065 0.922	0.894 0.894 0.894 1.000
v636	2.090 1.500 1.144	-0.050 0.104 0.993	0.894 0.894 0.894 1.000
v637	2.090 0.500 1.144	0.050 -0.104 0.993	0.894 0.894 0.894 1.000
v638	2.090 1.500 1.144	0.157 0.103 0.982	0.894 0.894 0.894 1.000
v639	2.340 1.500 1.077	0.501 0.065 0.863	0.894 0.894 0.894 1.000
v640	2.340 0.500 1.077	0.540 -0.104 0.835	0.894 0.894 0.894 1.000
v641	2.340 1.500 1.077	0.627 0.103 0.772	0.894 0.894 0.894 1.000
v642	2.523 1.500 0.894	0.816 0.087 0.571	0.894 0.894 0.894 1.000
v643	2.523 0.500 0.894	0.890 -0.052 0.454	0.486 0.486 0.788 1.000
v644	2.523 1.500 0.894	0.916 0.130 0.379	0.486 0.486 0.788 1.000
v645	2.590 1.500 0.644	0.989 0.065 0.131	0.486 0.486 0.788 1.000
v646	2.590 0.500 0.644	0.989 -0.065 -0.131	0.894 0.894 0.894 1.000
v647	2.590 1.500 0.644	0.993 0.104 -0.050	0.894 0.894 0.894 1.000
v648	2.523 1.500 0.394	0.890 0.052 -0.454	0.894 0.894 0.894 1.000
v649	2.523 1.500 0.394	0.838 0.052 -0.544	0.894 0.894 0.894 1.000
v650	2.340 1.500 0.211	0.540 0.104 -0.835	0.894 0.894 0.894 1.000
v651	2.523 0.500 0.394	0.816 -0.087 -0.571	0.894 0.894 0.894 1.000
v652	2.340 1.500 0.211	0.381 0.065 -0.922	0.894 0.894 0.894 1.000
v653	2.090 1.500 0.144	0.050 0.104 -0.993	0.894 0.894 0.894 1.000
v654	2.340 0.500 0.211	0.501 -0.065 -0.863	0.894 0.894 0.894 1.000
v655	2.090 1.500 0.144	-0.131 0.065 -0.989	0.894 0.894 0.894 1.000
v656	1.840 1.500 0.211	-0.453 0.104 -0.885	0.894 0.894 0.894 1.000
v657	2.090 0.500 0.144	-0.050 -0.104 -0.993	0.894 0.894 0.894 1.000
v658	1.840 1.500 0.211	-0.627 0.103 -0.772	0.894 0.894 0.894 1.000
v659	1.657 1.500 0.394	-0.816 0.087 -0.571	0.894 0.894 0.894 1.000
v660	1.840 0.500 0.211	-0.540 -0.104 -0.835	0.894 0.894 0.894 1.000
v661	1.657 0.500 0.394	-0.890 -0.052 -0.454	0.486 0.486 0.788 1.000
v662	1.657 1.500 0.394	-0.916 0.130 -0.379	0.486 0.486 0.788 1.000
v663	1.590 1.500 0.644	-0.989 0.065 -0.131	0.486 0.486 0.788 1.000
v664	1.590 0.500 0.644	-0.993 -0.104 -0.050	0.486 0.486 0.788 1.000
v665	1.590 0.500 0.644	-0.986 -0.156 0.056	0.486 0.486 0.788 1.000
v666	1.657 0.500 0.894	-0.908 -0.194 0.372	0.486 0.486 0.788 1.000
v667	1.840 0.500 1.077	-0.568 -0.173 0.805	0.486 0.486 0.788 1.000
v668	1.715 0.250 0.860	-0.699 -0.451 0.555	0.486 0.486 0.788 1.000
v669	1.657 0.500 0.894	-0.848 -0.195 0.492	0.486 0.486 0.788 1.000
v670	1.873 0.250 1.019	-0.345 -0.499 0.795	0.486 0.486 0.788 1.000
v671	1.840 0.500 1.077	-0.442 -0.208 0.873	0.486 0.486 0.788 1.000
v672	2.090 0.500 1.144	-0.056 -0.156 0.986	0.486 0.486 0.788 1.000
v673	2.090 0.250 1.077	-0.017 -0.382 0.924	0.486 0.486 0.788 1.000
v674	2.090 0.500 1.144	0.131 -0.194 0.972	0.486 0.486 0.788 1.000
v675	2.340 0.500 1.077	0.445 -0.156 0.882	0.486 0.486 0.788 1.000
v676	2.306 0.250 1.019	0.447 -0.382 0.809	0.486 0.486 0.788 1.000
v677	2.340 0.500 1.077	0.600 -0.194 0.776	0.486 0.486 0.788 1.000
v678	2.523 0.500 0.894	0.784 -0.129 0.607	0.486 0.486 0.788 1.000
v679	2.465 0.250 0.860	0.816 -0.422 0.395	0.486 0.486 0.788 1.000
v680	2.523 0.500 0.894	0.918 -0.129 0.375	0.486 0.486 0.788 1.000
v681	2.590 0.500 0.644	0.972 -0.194 0.131	0.486 0.486 0.788 1.000
v682	2.523 0.250 0.644	0.883 -0.451 -0.131	0.486 0.486 0.788 1.000
v683	2.590 0.500 0.644	0.986 -0.156 -0.056	0.486 0.486 0.788 1.000
v684	2.523 0.500 0.394	0.908 -0.194 -0.372	0.486 0.486 0.788 1.000
v685	2.465 0.250 0.427	0.699 -0.451 -0.555	0.486 0.486 0.788 1.000
v686	2.340 0.500 0.211	0.625 -0.155 -0.765	0.486 0.486 0.788 1.000
v687	2.523 0.500 0.394	0.848 -0.195 -0.492	0.486 0.486 0.788 1.000
v688	2.306 0.250 0.269	0.328 -0.451 -0.830	0.486 0.486 0.788 1.000
v689	2.090 0.500 0.144	0.090 -0.173 -0.981	0.486 0.486 0.788 1.000
v690	2.340 0.500 0.211	0.488 -0.195 -0.850	0.486 0.486 0.788 1.000
v691	2.090 0.500 0.144	-0.054 -0.208 -0.977	0.486 0.486 0.788 1.000
v692	1.840 0.500 0.211	-0.445 -0.156 -0.882	0.486 0.486 0.788 1.000
v693	2.090 0.250 0.211	-0.066 -0.422 -0.904	0.486 0.486 0.788 1.000
v694	1.840 0.500 0.211	-0.600 -0.194 -0.776	0.486 0.486 0.788 1.000
v695	1.657 0.500 0.394	-0.784 -0.129 -0.607	0.486 0.486 0.788 1.000
v696	1.873 0.250 0.269	-0.447 -0.382 -0.809	0.486 0.486 0.788 1.000
v697	1.715 0.250 0.427	-0.828 -0.357 -0.433	0.486 0.486 0.788 1.000
v698	1.657 0.500 0.394	-0.918 -0.129 -0.375	0.486 0.486 0.788 1.000
v699	1.590 0.500 0.644	-0.972 -0.194 -0.131	0.486 0.486 0.788 1.000
v700	1.657 0.250 0.644	-0.890 -0.454 -0.026	0.486 0.486 0.788 1.000
v701	1.657 0.250 0.644	-0.814 -0.574 0.088	0.894 0.894 0.894 1.000
v702	1.715 0.250 0.860	-0.693 -0.612 0.381	0.894 0.894 0.894 1.000
v703	1.715 0.250 0.860	-0.645 -0.542 0.539	0.894 0.894 0.894 1.000
v704	1.873 0.250 1.019	-0.410 -0.612 0.677	0.894 0.894 0.894 1.000
v705	1.873 0.067 0.769	-0.543 -0.793 0.278	0.894 0.894 0.894 1.000
v706	1.965 0.067 0.860	-0.331 -0.793 0.512	0.894 0.894 0.894 1.000
v707	1.873 0.250 1.019	-0.295 -0.608 0.737	0.894 0.894 0.894 1.000
v708	2.090 0.250 1.077	-0.132 -0.497 0.857	0.894 0.894 0.894 1.000
v709	2.090 0.067 0.894	0.014 -0.776 0.630	0.894 0.894 0.894 1.000
v710	2.090 0.250 1.077	0.088 -0.574 0.814	0.894 0.894 0.894 1.000
v711	2.306 0.250 1.019	0.289 -0.542 0.789	0.894 0.894 0.894 1.000
v712	2.465 0.250 0.860	0.661 -0.574 0.483	0.894 0.894 0.894 1.000
v713	2.215 0.067 0.860	0.361 -0.791 0.493	0.894 0.894 0.894 1.000
v714	2.306 0.250 1.019	0.410 -0.612 0.677	0.894 0.894 0.894 1.000
v715	2.306 0.067 0.769	0.509 -0.819 0.266	0.894 0.894 0.894 1.000
v716	2.465 0.250 0.860	0.749 -0.574 0.331	0.894 0.894 0.894 1.000
v717	2.523 0.250 0.644	0.791 -0.612 0.017	0.894 0.894 0.894 1.000
v718	2.340 0.067 0.644	0.609 -0.793 0.030	0.894 0.894 0.894 1.000
v719	2.523 0.250 0.644	0.828 -0.542 -0.144	0.894 0.894 0.894 1.000
v720	2.465 0.250 0.427	0.693 -0.612 -0.381	0.894 0.894 0.894 1.000
v721	2.465 0.250 0.427	0.645 -0.542 -0.539	0.894 0.894 0.894 1.000
v722	2.306 0.067 0.519	0.543 -0.793 -0.278	0.894 0.894 0.894 1.000
v723	2.306 0.250 0.269	0.410 -0.612 -0.677	0.894 0.894 0.894 1.000
v724	2.306 0.250 0.269	0.289 -0.542 -0.789	0.894 0.894 0.894 1.000
v725	2.215 0.067 0.427	0.331 -0.793 -0.512	0.894 0.894 0.894 1.000
v726	2.090 0.250 0.211	0.088 -0.574 -0.814	0.894 0.894 0.894 1.000
v727	1.873 0.250 0.269	-0.289 -0.542 -0.789	0.894 0.894 0.894 1.000
v728	2.090 0.067 0.394	-0.014 -0.776 -0.630	0.894 0.894 0.894 1.000
v729	2.090 0.250 0.211	-0.088 -0.574 -0.814	0.894 0.894 0.894 1.000
v730	1.965 0.067 0.427	-0.361 -0.791 -0.493	0.894 0.894 0.894 1.000
v731	1.715 0.250 0.427	-0.645 -0.542 -0.539	0.894 0.894 0.894 1.000
v732	1.873 0.250 0.269	-0.410 -0.612 -0.677	0.894 0.894 0.894 1.000
v733	1.873 0.067 0.519	-0.560 -0.791 -0.247	0.894 0.894 0.894 1.000
v734	1.657 0.250 0.644	-0.774 -0.631 -0.052	0.894 0.894 0.894 1.000
v735	1.840 0.067 0.644	-0.573 -0.819 -0.024	0.894 0.894 0.894 1.000
v736	1.715 0.250 0.427	-0.757 -0.546 -0.360	0.894 0.894 0.894 1.000
v737	1.840 0.067 0.644	-0.418 -0.906 0.064	0.894 0.894 0.894 1.000
v738	1.873 0.067 0.769	-0.478 -0.863 0.164	0.894 0.894 0.894 1.000
v739	1.873 0.067 0.769	-0.330 -0.906 0.265	0.894 0.894 0.894 1.000
v740	1.965 0.067 0.860	-0.332 -0.863 0.381	0.894 0.894 0.894 1.000
v741	2.090 0.000 0.644	0.000 -1.000 0.000	0.894 0.894 0.894 1.000
v742	1.965 0.067 0.860	-0.154 -0.906 0.395	0.894 0.894 0.894 1.000
v743	2.090 0.067 0.894	-0.097 -0.863 0.496	0.894 0.894 0.894 1.000
v744	2.090 0.000 0.644	0.000 -1.000 0.000	0.894 0.894 0.894 1.000
v745	2.090 0.067 0.894	0.097 -0.863 0.496	0.894 0.894 0.894 1.000
v746	2.215 0.067 0.860	0.154 -0.906 0.395	0.894 0.894 0.894 1.000
v747	2.090 0.000 0.644	0.000 -1.000 0.000	0.894 0.894 0.894 1.000
v748	2.215 0.067 0.860	0.332 -0.863 0.381	0.894 0.894 0.894 1.000
v749	2.306 0.067 0.769	0.330 -0.906 0.265	0.894 0.894 0.894 1.000
v750	2.090 0.000 0.644	0.000 -1.000 0.000	0.894 0.894 0.894 1.000
v751	2.306 0.067 0.769	0.395 -0.906 0.154	0.894 0.894 0.894 1.000
v752	2.340 0.067 0.644	0.496 -0.863 0.097	0.894 0.894 0.894 1.000
v753	2.090 0.000 0.644	0.000 -1.000 0.000	0.894 0.894 0.894 1.000
v754	2.340 0.067 0.644	0.418 -0.906 -0.064	0.894 0.894 0.894 1.000
v755	2.306 0.067 0.519	0.478 -0.863 -0.164	0.894 0.894 0.894 1.000
v756	2.090 0.000 0.644	0.000 -1.000 0.000	0.894 0.894 0.894 1.000
v757	2.306 0.067 0.519	0.330 -0.906 -0.265	0.894 0.894 0.894 1.000
v758	2.215 0.067 0.427	0.332 -0.863 -0.381	0.894 0.894 0.894 1.000
v759	2.090 0.000 0.644	0.000 -1.000 0.000	0.894 0.894 0.894 1.000
v760	2.215 0.067 0.427	0.154 -0.906 -0.395	0.894 0.894 0.894 1.000
v761	2.090 0.067 0.394	0.097 -0.863 -0.496	0.894 0.894 0.894 1.000
v762	2.090 0.000 0.644	0.000 -1.000 0.000	0.894 0.894 0.894 1.000
v763	2.090 0.067 0.394	-0.097 -0.863 -0.496	0.894 0.894 0.894 1.000
v764	1.965 0.067 0.427	-0.154 -0.906 -0.395	0.894 0.894 0.894 1.000
v765	2.090 0.000 0.644	0.000 -1.000 0.000	0.894 0.894 0.894 1.000
v766	1.965 0.067 0.427	-0.332 -0.863 -0.381	0.894 0.894 0.894 1.000
v767	1.873 0.067 0.519	-0.330 -0.906 -0.265	0.894 0.894 0.894 1.000
v768	2.090 0.000 0.644	0.000 -1.000 0.000	0.894 0.894 0.894 1.000
v769	1.873 0.067 0.519	-0.478 -0.863 -0.164	0.894 0.894 0.894 1.000
v770	1.840 0.067 0.644	-0.418 -0.906 -0.064	0.894 0.894 0.894 1.000
v771	2.090 0.000 0.644	0.000 -1.000 0.000	0.894 0.894 0.894 1.000
v772	2.027 1.000 2.376	0.101 0.990 0.101	0.894 0.894 0.894 1.000
v773	2.027 1.000 1.376	0.089 0.992 -0.089	0.894 0.894 0.894 1.000
v774	1.027 1.000 1.376	-0.101 0.990 -0.101	0.894 0.894 0.894 1.000
v775	1.027 1.000 1.376	-0.101 0.990 -0.101	0.894 0.894 0.894 1.000
v776	0.836 0.962 1.376	-0.419 0.908 -0.030	0.894 0.894 0.894 1.000
v777	0.836 0.962 1.376	-0.419 0.908 -0.030	0.894 0.894 0.894 1.000
v778	0.674 0.854 1.376	-0.704 0.704 -0.093	0.894 0.894 0.894 1.000
v779	0.674 0.854 2.376	-0.706 0.707 0.046	0.486 0.486 0.788 1.000
v780	0.701 0.854 2.511	-0.643 0.727 0.240	0.486 0.486 0.788 1.000
v781	0.777 0.854 2.626	-0.502 0.687 0.525	0.486 0.486 0.788 1.000
v782	0.892 0.854 2.702	-0.227 0.707 0.670	0.486 0.486 0.788 1.000
v783	1.027 0.854 2.729	-0.046 0.707 0.706	0.486 0.486 0.788 1.000
v784	2.027 0.854 2.729	0.070 0.706 0.705	0.486 0.486 0.788 1.000
v785	2.163 0.854 2.702	0.227 0.707 0.670	0.486 0.486 0.788 1.000
v786	2.277 0.854 2.626	0.466 0.707 0.532	0.486 0.486 0.788 1.000
v787	2.354 0.854 2.511	0.634 0.707 0.313	0.486 0.486 0.788 1.000
v788	2.381 0.854 2.376	0.704 0.704 0.093	0.486 0.486 0.788 1.000
v789	2.381 0.854 1.376	0.686 0.726 -0.056	0.486 0.486 0.788 1.000
v790	2.354 0.854 1.240	0.656 0.708 -0.262	0.486 0.486 0.788 1.000
v791	2.277 0.854 1.126	0.502 0.687 -0.525	0.486 0.486 0.788 1.000
v792	2.163 0.854 1.049	0.227 0.707 -0.670	0.486 0.486 0.788 1.000
v793	2.027 0.854 1.022	0.046 0.707 -0.706	0.486 0.486 0.788 1.000
v794	1.027 0.854 1.022	-0.089 0.676 -0.731	0.486 0.486 0.788 1.000
v795	0.892 0.854 1.049	-0.239 0.735 -0.635	0.486 0.486 0.788 1.000
v796	0.777 0.854 1.126	-0.466 0.707 -0.532	0.486 0.486 0.788 1.000
v797	0.701 0.854 1.240	-0.634 0.707 -0.313	0.486 0.486 0.788 1.000
v798	0.674 0.854 1.376	-0.704 0.704 -0.093	0.486 0.486 0.788 1.000
v799	0.565 0.691 1.376	-0.920 0.382 -0.093	0.486 0.486 0.788 1.000
v800	0.674 0.854 1.376	-0.704 0.704 -0.093	0.486 0.486 0.788 1.000
v801	0.565 0.691 2.376	-0.920 0.381 0.088	0.894 0.894 0.894 1.000
v802	0.601 0.691 2.553	-0.855 0.383 0.349	0.894 0.894 0.894 1.000
v803	0.701 0.691 2.702	-0.670 0.321 0.670	0.894 0.894 0.894 1.000
v804	0.851 0.691 2.803	-0.349 0.383 0.855	0.894 0.894 0.894 1.000
v805	1.027 0.691 2.838	-0.088 0.381 0.920	0.894 0.894 0.894 1.000
v806	2.027 0.691 2.838	0.088 0.441 0.893	0.894 0.894 0.894 1.000
v807	2.204 0.691 2.803	0.349 0.383 0.855	0.894 0.894 0.894 1.000
v808	2.354 0.691 2.702	0.650 0.383 0.657	0.894 0.894 0.894 1.000
v809	2.454 0.691 2.553	0.851 0.383 0.358	0.894 0.894 0.894 1.000
v810	2.489 0.691 2.376	0.920 0.382 0.093	0.894 0.894 0.894 1.000
v811	2.489 0.691 1.376	0.920 0.381 -0.088	0.894 0.894 0.894 1.000
v812	2.454 0.691 1.199	0.855 0.383 -0.349	0.894 0.894 0.894 1.000
v813	2.354 0.691 1.049	0.670 0.321 -0.670	0.894 0.894 0.894 1.000
v814	2.204 0.691 0.949	0.349 0.383 -0.855	0.894 0.894 0.894 1.000
v815	2.027 0.691 0.914	0.088 0.381 -0.920	0.894 0.894 0.894 1.000
v816	1.027 0.691 0.914	-0.093 0.382 -0.920	0.894 0.894 0.894 1.000
v817	0.851 0.691 0.949	-0.343 0.443 -0.828	0.894 0.894 0.894 1.000
v818	0.701 0.691 1.049	-0.650 0.383 -0.657	0.894 0.894 0.894 1.000
v819	0.601 0.691 1.199	-0.851 0.383 -0.358	0.894 0.894 0.894 1.000
v820	0.565 0.691 1.376	-0.920 0.382 -0.093	0.894 0.894 0.894 1.000
v821	0.527 0.500 1.376	-0.995 0.001 -0.098	0.894 0.894 0.894 1.000
v822	0.565 0.691 1.376	-0.920 0.382 -0.093	0.894 0.894 0.894 1.000
v823	0.565 0.309 1.376	-0.920 -0.381 -0.088	0.894 0.894 0.894 1.000
v824	0.527 0.500 1.376	-0.995 0.001 -0.098	0.894 0.894 0.894 1.000
v825	0.674 0.146 1.376	-0.686 -0.726 -0.056	0.894 0.894 0.894 1.000
v826	0.565 0.309 1.376	-0.920 -0.381 -0.088	0.894 0.894 0.894 1.000
v827	0.674 0.146 1.376	-0.686 -0.726 -0.056	0.894 0.894 0.894 1.000
v828	0.836 0.038 1.376	-0.345 -0.938 -0.030	0.894 0.894 0.894 1.000
v829	0.836 0.038 1.376	-0.345 -0.938 -0.030	0.894 0.894 0.894 1.000
v830	1.027 0.000 1.376	-0.089 -0.992 -0.089	0.894 0.894 0.894 1.000
f3 0 3 2
f3 296 4 297
f3 298 5 299
f3 300 6 301
f3 302 7 303
f3 304 8 305
f3 306 9 307
f3 308 10 309
f3 310 11 311
f3 312 12 313
f3 314 13 315
f3 316 317 318
f3 319 320 15
f3 14 319 15
f3 321 322 16
f3 323 322 321
f3 17 324 325
f3 326 17 325
f3 327 328 329
f3 18 328 327
f3 330 19 331
f3 332 19 330
f3 20 333 334
f3 335 20 334
f3 336 337 338
f3 21 337 336
f3 339 340 341
f3 22 340 339
f3 342 343 344
f3 23 342 344
f3 345 346 24
f3 347 345 24
f3 25 348 349
f3 350 348 25
f3 351 352 353
f3 354 351 353
f3 26 355 356
f3 27 26 356
f3 28 357 358
f3 359 28 358
f3 29 360 361
f3 362 29 361
f3 363 364 365
f3 30 364 363
f3 366 367 368
f3 31 367 366
f3 369 370 371
f3 32 369 371
f3 372 373 374
f3 33 372 374
f3 375 376 34
f3 377 375 34
f3 378 379 35
f3 380 378 35
f3 381 382 36
f3 383 381 36
f3 384 385 37
f3 386 385 384
f3 387 388 389
f3 390 387 389
f3 38 391 392
f3 39 38 392
f3 40 393 394
f3 395 40 394
f3 41 396 397
f3 398 41 397
f3 42 399 400
f3 401 42 400
f3 43 402 403
f3 404 43 403
f3 405 406 407
f3 44 405 407
f3 408 409 410
f3 45 408 410
f3 411 412 46
f3 413 411 46
f3 414 415 47
f3 416 414 47
f3 417 418 48
f3 419 417 48
f3 420 421 49
f3 422 420 49
f3 423 424 425
f3 426 423 425
f3 50 427 428
f3 51 50 428
f3 429 430 431
f3 52 430 429
f3 53 432 433
f3 434 53 433
f3 54 435 436
f3 437 54 436
f3 55 438 439
f3 440 55 439
f3 441 442 443
f3 56 441 443
f3 444 445 446
f3 57 444 446
f3 447 448 58
f3 449 448 447
f3 450 451 59
f3 452 451 450
f3 453 454 60
f3 455 453 60
f3 456 457 61
f3 458 456 61
f3 459 460 461
f3 462 459 461
f3 463 464 63
f3 62 463 63
f3 64 465 466
f3 467 465 64
f3 65 468 469
f3 470 65 469
f3 66 471 472
f3 473 66 472
f3 474 475 476
f3 67 475 474
f3 68 477 478
f3 479 68 478
f3 69 480 481
f3 482 69 481
f3 483 70 484
f3 485 70 483
f3 486 71 487
f3 488 71 486
f3 489 72 490
f3 491 489 490
f3 492 493 73
f3 494 493 492
f3 495 496 497
f3 498 496 495
f3 499 500 1
f3 501 502 503
f3 504 505 506
f3 507 508 509
f3 510 511 512
f3 513 514 515
f3 516 517 518
f3 519 520 521
f3 522 523 524
f3 525 526 527
f3 528 529 530
f3 531 532 533
f3 74 77 76
f3 534 78 535
f3 536 79 537
f3 538 80 539
f3 540 81 541
f3 542 82 543
f3 544 83 545
f3 546 84 547
f3 548 85 549
f3 550 86 551
f3 552 87 553
f3 554 555 556
f3 88 557 558
f3 89 88 558
f3 559 560 90
f3 561 560 559
f3 562 91 563
f3 564 562 563
f3 565 566 567
f3 92 566 565
f3 568 93 569
f3 570 93 568
f3 94 571 572
f3 573 94 572
f3 574 575 576
f3 95 575 574
f3 577 578 579
f3 96 578 577
f3 580 581 582
f3 97 580 582
f3 583 584 98
f3 585 583 98
f3 99 586 587
f3 588 586 99
f3 589 590 591
f3 592 589 591
f3 100 593 594
f3 101 100 594
f3 595 596 597
f3 102 595 597
f3 103 598 599
f3 600 103 599
f3 601 602 603
f3 104 602 601
f3 604 605 606
f3 105 605 604
f3 607 608 609
f3 106 607 609
f3 610 611 612
f3 107 610 612
f3 613 614 108
f3 615 613 108
f3 616 617 109
f3 618 616 109
f3 619 620 110
f3 621 619 110
f3 622 623 624
f3 111 622 624
f3 625 626 627
f3 628 625 627
f3 112 629 630
f3 113 112 630
f3 114 631 632
f3 633 114 632
f3 115 634 635
f3 636 115 635
f3 116 637 638
f3 639 116 638
f3 117 640 641
f3 642 117 641
f3 643 644 645
f3 118 643 645
f3 646 647 648
f3 119 646 648
f3 649 650 120
f3 651 649 120
f3 652 653 121
f3 654 652 121
f3 655 656 122
f3 657 655 122
f3 658 659 123
f3 660 658 123
f3 661 662 663
f3 664 661 663
f3 124 665 666
f3 125 124 666
f3 667 668 669
f3 126 668 667
f3 127 670 671
f3 672 127 671
f3 128 673 674
f3 675 128 674
f3 129 676 677
f3 678 129 677
f3 679 680 681
f3 130 679 681
f3 682 683 684
f3 131 682 684
f3 685 686 132
f3 687 686 685
f3 688 689 133
f3 690 689 688
f3 691 692 134
f3 693 691 134
f3 694 695 135
f3 696 694 135
f3 697 698 699
f3 700 697 699
f3 701 702 137
f3 136 701 137
f3 138 703 704
f3 705 703 138
f3 139 706 707
f3 708 139 707
f3 709 710 711
f3 140 709 711
f3 712 713 714
f3 141 713 712
f3 142 715 716
f3 717 142 716
f3 143 718 719
f3 720 143 719
f3 721 144 722
f3 723 144 721
f3 724 145 725
f3 726 145 724
f3 727 146 728
f3 729 727 728
f3 730 731 147
f3 732 731 730
f3 733 734 735
f3 736 734 733
f3 737 738 75
f3 739 740 741
f3 742 743 744
f3 745 746 747
f3 748 749 750
f3 751 752 753
f3 754 755 756
f3 757 758 759
f3 760 761 762
f3 763 764 765
f3 766 767 768
f3 769 770 771
f3 150 149 148
f3 151 150 148
f3 155 152 153
f3 154 155 153
f3 148 157 156
f3 148 158 157
f3 148 159 158
f3 148 160 159
f3 772 161 160
f3 148 772 160
f3 772 162 161
f3 772 163 162
f3 772 164 163
f3 772 165 164
f3 166 165 772
f3 773 166 772
f3 773 167 166
f3 773 168 167
f3 773 169 168
f3 773 170 169
f3 170 773 774
f3 171 170 774
f3 774 172 171
f3 774 173 172
f3 774 174 173
f3 774 175 174
f3 775 148 156
f3 776 775 156
f3 156 157 177
f3 176 156 177
f3 177 158 178
f3 157 158 177
f3 159 179 178
f3 158 159 178
f3 160 180 179
f3 159 160 179
f3 161 181 180
f3 160 161 180
f3 161 182 181
f3 162 182 161
f3 162 183 182
f3 163 183 162
f3 163 184 183
f3 164 184 163
f3 185 184 164
f3 165 185 164
f3 186 185 165
f3 166 186 165
f3 167 186 166
f3 187 186 167
f3 168 187 167
f3 188 187 168
f3 188 168 169
f3 189 188 169
f3 189 169 170
f3 190 189 170
f3 190 170 171
f3 191 190 171
f3 192 171 172
f3 191 171 192
f3 193 172 173
f3 192 172 193
f3 194 173 174
f3 193 173 194
f3 174 175 195
f3 194 174 195
f3 777 156 176
f3 778 777 176
f3 196 779 780
f3 197 196 780
f3 197 780 781
f3 198 197 781
f3 199 198 781
f3 782 199 781
f3 200 199 782
f3 783 200 782
f3 201 200 783
f3 784 201 783
f3 785 201 784
f3 202 201 785
f3 786 202 785
f3 203 202 786
f3 203 786 787
f3 204 203 787
f3 204 787 788
f3 205 204 788
f3 205 788 789
f3 206 205 789
f3 206 789 790
f3 207 206 790
f3 207 790 791
f3 208 207 791
f3 791 792 209
f3 208 791 209
f3 792 793 210
f3 209 792 210
f3 793 794 211
f3 210 793 211
f3 794 795 212
f3 211 794 212
f3 212 796 213
f3 795 796 212
f3 213 796 797
f3 214 213 797
f3 214 797 798
f3 215 214 798
f3 799 800 779
f3 196 799 779
f3 216 801 802
f3 217 216 802
f3 217 802 803
f3 218 217 803
f3 219 218 803
f3 804 219 803
f3 220 219 804
f3 805 220 804
f3 221 220 805
f3 806 221 805
f3 807 221 806
f3 222 221 807
f3 808 222 807
f3 223 222 808
f3 223 808 809
f3 224 223 809
f3 224 809 810
f3 225 224 810
f3 225 810 811
f3 226 225 811
f3 226 811 812
f3 227 226 812
f3 227 812 813
f3 228 227 813
f3 813 814 229
f3 228 813 229
f3 814 815 230
f3 229 814 230
f3 815 816 231
f3 230 815 231
f3 816 817 232
f3 231 816 232
f3 232 818 233
f3 817 818 232
f3 233 818 819
f3 234 233 819
f3 234 819 820
f3 235 234 820
f3 821 822 801
f3 216 821 801
f3 236 216 217
f3 237 236 217
f3 237 217 218
f3 238 237 218
f3 219 238 218
f3 239 238 219
f3 240 239 219
f3 220 240 219
f3 241 240 220
f3 221 241 220
f3 242 241 221
f3 222 242 221
f3 243 242 222
f3 223 243 222
f3 243 223 224
f3 244 243 224
f3 244 224 225
f3 245 244 225
f3 245 225 226
f3 246 245 226
f3 246 226 227
f3 247 246 227
f3 247 227 228
f3 248 247 228
f3 248 229 249
f3 228 229 248
f3 249 230 250
f3 229 230 249
f3 230 231 251
f3 250 230 251
f3 231 232 252
f3 251 231 252
f3 232 233 253
f3 252 232 253
f3 253 233 234
f3 254 253 234
f3 254 234 235
f3 255 254 235
f3 823 824 216
f3 236 823 216
f3 256 236 237
f3 257 256 237
f3 257 237 238
f3 258 257 238
f3 239 258 238
f3 259 258 239
f3 260 259 239
f3 240 260 239
f3 261 260 240
f3 241 261 240
f3 262 261 241
f3 242 262 241
f3 263 262 242
f3 243 263 242
f3 263 243 244
f3 264 263 244
f3 264 244 245
f3 265 264 245
f3 265 245 246
f3 266 265 246
f3 266 246 247
f3 267 266 247
f3 267 247 248
f3 268 267 248
f3 268 249 269
f3 248 249 268
f3 269 250 270
f3 249 250 269
f3 250 251 271
f3 270 250 271
f3 251 252 272
f3 271 251 272
f3 252 253 273
f3 272 252 273
f3 273 253 254
f3 274 273 254
f3 274 254 255
f3 275 274 255
f3 825 826 236
f3 256 825 236
f3 256 257 277
f3 276 256 277
f3 278 257 258
f3 277 257 278
f3 279 258 259
f3 278 258 279
f3 280 259 260
f3 279 259 280
f3 280 260 261
f3 281 280 261
f3 281 261 262
f3 282 281 262
f3 282 262 263
f3 283 282 263
f3 264 283 263
f3 284 283 264
f3 285 284 264
f3 265 285 264
f3 286 285 265
f3 266 286 265
f3 287 286 266
f3 267 287 266
f3 267 288 287
f3 268 288 267
f3 268 289 288
f3 269 289 268
f3 269 290 289
f3 270 290 269
f3 271 291 290
f3 270 271 290
f3 272 292 291
f3 271 272 291
f3 273 293 292
f3 272 273 292
f3 293 274 294
f3 273 274 293
f3 294 275 295
f3 274 275 294
f3 827 256 276
f3 828 827 276
f3 276 277 152
f3 277 278 152
f3 278 279 152
f3 279 280 152
f3 152 280 281
f3 153 152 281
f3 281 282 153
f3 282 283 153
f3 283 284 153
f3 284 285 153
f3 154 153 285
f3 286 154 285
f3 286 287 154
f3 287 288 154
f3 288 289 154
f3 289 290 154
f3 291 155 154
f3 290 291 154
f3 291 292 155
f3 292 293 155
f3 293 294 155
f3 294 295 155
f3 829 276 152
f3 830 829 152
