v0	0.988 0.541 1.321	0.000 -0.756 -0.655	0.553 0.553 0.659 1.000
v1	1.028 0.411 1.471	0.000 -0.756 -0.655	0.553 0.553 0.659 1.000
v2	1.140 0.301 1.599	0.000 -0.756 -0.655	0.553 0.553 0.659 1.000
v3	1.309 0.227 1.684	0.000 -0.756 -0.655	0.553 0.553 0.659 1.000
v4	1.508 0.201 1.714	0.000 -0.756 -0.655	0.553 0.553 0.659 1.000
v5	1.707 0.227 1.684	0.000 -0.756 -0.655	0.553 0.553 0.659 1.000
v6	1.875 0.301 1.599	0.000 -0.756 -0.655	0.553 0.553 0.659 1.000
v7	1.988 0.411 1.471	0.000 -0.756 -0.655	0.553 0.553 0.659 1.000
v8	2.027 0.541 1.321	0.000 -0.756 -0.655	0.553 0.553 0.659 1.000
v9	1.988 0.671 1.171	0.000 -0.756 -0.655	0.553 0.553 0.659 1.000
v10	1.875 0.782 1.044	0.000 -0.756 -0.655	0.553 0.553 0.659 1.000
v11	1.707 0.856 0.959	0.000 -0.756 -0.655	0.553 0.553 0.659 1.000
v12	1.508 0.882 0.929	0.000 -0.756 -0.655	0.553 0.553 0.659 1.000
v13	1.309 0.856 0.959	0.000 -0.756 -0.655	0.553 0.553 0.659 1.000
v14	1.140 0.782 1.044	0.000 -0.756 -0.655	0.553 0.553 0.659 1.000
v15	1.028 0.671 1.171	0.000 -0.756 -0.655	0.553 0.553 0.659 1.000
v16	1.299 1.618 2.252	-0.092 0.748 0.657	0.788 0.788 0.788 1.000
v17	1.315 1.566 2.313	-0.082 0.726 0.683	0.788 0.788 0.788 1.000
v18	1.360 1.521 2.364	-0.060 0.707 0.704	0.788 0.788 0.788 1.000
v19	1.428 1.491 2.398	-0.028 0.710 0.704	0.788 0.788 0.788 1.000
v20	1.508 1.481 2.410	-0.009 0.659 0.752	0.788 0.788 0.788 1.000
v21	1.588 1.491 2.398	0.035 0.683 0.729	0.788 0.788 0.788 1.000
v22	1.656 1.521 2.364	0.060 0.707 0.704	0.788 0.788 0.788 1.000
v23	1.701 1.566 2.313	0.082 0.726 0.683	0.788 0.788 0.788 1.000
v24	1.717 1.618 2.252	0.092 0.748 0.657	0.788 0.788 0.788 1.000
v25	1.701 1.670 2.192	0.088 0.772 0.630	0.788 0.788 0.788 1.000
v26	1.656 1.715 2.141	0.071 0.793 0.606	0.788 0.788 0.788 1.000
v27	1.588 1.744 2.106	0.042 0.808 0.588	0.788 0.788 0.788 1.000
v28	1.508 1.755 2.094	0.000 0.845 0.534	0.788 0.788 0.788 1.000
v29	1.428 1.744 2.106	-0.050 0.817 0.574	0.788 0.788 0.788 1.000
v30	1.360 1.715 2.141	-0.071 0.793 0.606	0.788 0.788 0.788 1.000
v31	1.315 1.670 2.192	-0.088 0.772 0.630	0.788 0.788 0.788 1.000
v32	1.028 1.472 1.865	-0.903 0.091 -0.420	0.553 0.553 0.659 1.000
v33	0.988 1.342 2.015	-0.979 -0.154 -0.137	0.553 0.553 0.659 1.000
v34	1.028 1.212 2.165	-0.905 -0.399 0.146	0.553 0.553 0.659 1.000
v35	1.140 1.101 2.293	-0.700 -0.562 0.439	0.553 0.553 0.659 1.000
v36	1.309 1.027 2.378	-0.372 -0.748 0.549	0.553 0.553 0.659 1.000
v37	1.508 1.001 2.408	0.029 -0.814 0.580	0.553 0.553 0.659 1.000
v38	1.707 1.027 2.378	0.434 -0.730 0.528	0.553 0.553 0.659 1.000
v39	1.875 1.101 2.293	0.726 -0.562 0.397	0.553 0.553 0.659 1.000
v40	1.988 1.212 2.165	0.905 -0.399 0.146	0.553 0.553 0.659 1.000
v41	2.027 1.342 2.015	0.979 -0.154 -0.137	0.553 0.553 0.659 1.000
v42	1.988 1.472 1.865	0.903 0.091 -0.420	0.553 0.553 0.659 1.000
v43	1.875 1.582 1.738	0.667 0.286 -0.689	0.553 0.553 0.659 1.000
v44	1.707 1.656 1.653	0.314 0.452 -0.835	0.553 0.553 0.659 1.000
v45	1.508 1.682 1.623	-0.041 0.521 -0.852	0.553 0.553 0.659 1.000
v46	1.309 1.656 1.653	-0.377 0.436 -0.817	0.553 0.553 0.659 1.000
v47	1.140 1.582 1.738	-0.680 0.239 -0.693	0.553 0.553 0.659 1.000
v48	0.960 1.617 1.953	-0.905 0.088 -0.416	0.553 0.553 0.659 1.000
v49	0.915 1.468 2.125	-0.979 -0.157 -0.133	0.553 0.553 0.659 1.000
v50	0.960 1.319 2.296	-0.903 -0.402 0.150	0.553 0.553 0.659 1.000
v51	1.089 1.193 2.441	-0.680 -0.652 0.335	0.553 0.553 0.659 1.000
v52	1.281 1.109 2.538	-0.377 -0.747 0.548	0.553 0.553 0.659 1.000
v53	1.508 1.080 2.573	0.000 -0.752 0.659	0.553 0.553 0.659 1.000
v54	1.735 1.109 2.538	0.377 -0.747 0.548	0.553 0.553 0.659 1.000
v55	1.927 1.193 2.441	0.680 -0.652 0.335	0.553 0.553 0.659 1.000
v56	2.055 1.319 2.296	0.903 -0.402 0.150	0.553 0.553 0.659 1.000
v57	2.101 1.468 2.125	0.979 -0.157 -0.133	0.553 0.553 0.659 1.000
v58	2.055 1.617 1.953	0.905 0.088 -0.416	0.553 0.553 0.659 1.000
v59	1.927 1.743 1.808	0.726 0.314 -0.612	0.553 0.553 0.659 1.000
v60	1.735 1.827 1.711	0.434 0.420 -0.797	0.553 0.553 0.659 1.000
v61	1.508 1.856 1.677	0.029 0.459 -0.888	0.553 0.553 0.659 1.000
v62	1.281 1.827 1.711	-0.401 0.456 -0.795	0.553 0.553 0.659 1.000
v63	1.089 1.743 1.808	-0.726 0.314 -0.612	0.553 0.553 0.659 1.000
v64	0.960 1.687 2.014	-0.897 0.291 -0.334	0.553 0.553 0.659 1.000
v65	0.915 1.538 2.185	-0.998 0.044 -0.050	0.553 0.553 0.659 1.000
v66	0.960 1.390 2.357	-0.947 -0.210 0.243	0.553 0.553 0.659 1.000
v67	1.089 1.264 2.502	-0.707 -0.463 0.535	0.553 0.553 0.659 1.000
v68	1.281 1.179 2.599	-0.321 -0.620 0.716	0.553 0.553 0.659 1.000
v69	1.508 1.150 2.633	0.000 -0.655 0.756	0.553 0.553 0.659 1.000
v70	1.735 1.179 2.599	0.321 -0.620 0.716	0.553 0.553 0.659 1.000
v71	1.927 1.264 2.502	0.707 -0.463 0.535	0.553 0.553 0.659 1.000
v72	2.055 1.390 2.357	0.947 -0.210 0.243	0.553 0.553 0.659 1.000
v73	2.101 1.538 2.185	0.998 0.044 -0.050	0.553 0.553 0.659 1.000
v74	2.055 1.687 2.014	0.897 0.291 -0.334	0.553 0.553 0.659 1.000
v75	1.927 1.813 1.869	0.659 0.493 -0.568	0.553 0.553 0.659 1.000
v76	1.735 1.897 1.772	0.321 0.621 -0.715	0.553 0.553 0.659 1.000
v77	1.508 1.927 1.737	-0.066 0.654 -0.754	0.553 0.553 0.659 1.000
v78	1.281 1.897 1.772	-0.383 0.606 -0.698	0.553 0.553 0.659 1.000
v79	1.089 1.813 1.869	-0.659 0.493 -0.568	0.553 0.553 0.659 1.000
v80	1.219 1.649 2.123	-0.145 0.779 0.610	0.553 0.553 0.659 1.000
v81	1.195 1.571 2.214	-0.153 0.740 0.655	0.553 0.553 0.659 1.000
v82	1.219 1.493 2.304	-0.138 0.702 0.699	0.553 0.553 0.659 1.000
v83	1.287 1.426 2.381	-0.101 0.671 0.735	0.553 0.553 0.659 1.000
v84	1.388 1.382 2.432	-0.049 0.651 0.757	0.553 0.553 0.659 1.000
v85	1.508 1.366 2.450	0.000 0.646 0.763	0.553 0.553 0.659 1.000
v86	1.627 1.382 2.432	0.049 0.651 0.757	0.553 0.553 0.659 1.000
v87	1.729 1.426 2.381	0.101 0.671 0.735	0.553 0.553 0.659 1.000
v88	1.797 1.493 2.304	0.138 0.702 0.699	0.553 0.553 0.659 1.000
v89	1.820 1.571 2.214	0.153 0.740 0.655	0.553 0.553 0.659 1.000
v90	1.797 1.649 2.123	0.145 0.779 0.610	0.553 0.553 0.659 1.000
v91	1.729 1.716 2.047	0.115 0.813 0.571	0.553 0.553 0.659 1.000
v92	1.627 1.760 1.996	0.068 0.837 0.543	0.553 0.553 0.659 1.000
v93	1.508 1.776 1.978	0.000 0.847 0.532	0.553 0.553 0.659 1.000
v94	1.388 1.760 1.996	-0.068 0.837 0.543	0.553 0.553 0.659 1.000
v95	1.287 1.716 2.047	-0.115 0.813 0.571	0.553 0.553 0.659 1.000
v96	1.230 1.679 2.155	-0.167 0.796 0.581	0.788 0.788 0.788 1.000
v97	1.207 1.604 2.242	-0.184 0.751 0.635	0.788 0.788 0.788 1.000
v98	1.230 1.528 2.329	-0.174 0.704 0.688	0.788 0.788 0.788 1.000
v99	1.295 1.464 2.403	-0.137 0.664 0.735	0.788 0.788 0.788 1.000
v100	1.393 1.422 2.452	-0.069 0.633 0.771	0.788 0.788 0.788 1.000
v101	1.508 1.407 2.470	0.012 0.625 0.781	0.788 0.788 0.788 1.000
v102	1.623 1.422 2.452	0.081 0.636 0.767	0.788 0.788 0.788 1.000
v103	1.721 1.464 2.403	0.137 0.664 0.735	0.788 0.788 0.788 1.000
v104	1.786 1.528 2.329	0.174 0.704 0.688	0.788 0.788 0.788 1.000
v105	1.809 1.604 2.242	0.184 0.751 0.635	0.788 0.788 0.788 1.000
v106	1.786 1.679 2.155	0.167 0.796 0.581	0.788 0.788 0.788 1.000
v107	1.721 1.743 2.081	0.123 0.834 0.537	0.788 0.788 0.788 1.000
v108	1.623 1.786 2.032	0.060 0.859 0.509	0.788 0.788 0.788 1.000
v109	1.508 1.801 2.015	0.000 0.865 0.502	0.788 0.788 0.788 1.000
v110	1.393 1.786 2.032	-0.060 0.859 0.509	0.788 0.788 0.788 1.000
v111	1.295 1.743 2.081	-0.123 0.834 0.537	0.788 0.788 0.788 1.000
v112	2.320 -0.007 3.064	0.000 0.853 0.522	0.275 0.275 0.275 1.000
v113	2.320 1.203 1.088	0.000 0.853 0.522	0.275 0.275 0.275 1.000
v114	0.704 -0.006 3.064	0.000 0.853 0.522	0.275 0.275 0.275 1.000
v115	0.704 1.203 1.088	0.000 0.853 0.522	0.275 0.275 0.275 1.000
v116	0.704 0.554 0.027	0.000 0.853 -0.522	0.275 0.275 0.275 1.000
v117	2.320 0.554 0.028	0.000 0.853 -0.522	0.275 0.275 0.275 1.000
v118	0.704 -0.006 0.027	0.000 0.000 -1.000	0.275 0.275 0.275 1.000
v119	2.320 -0.007 0.028	0.000 -1.000 0.000	0.275 0.275 0.275 1.000
v120	0.030 -0.006 0.027	0.001 0.000 -1.000	0.275 0.275 0.275 1.000
v121	2.994 -0.006 0.027	-0.001 0.000 -1.000	0.275 0.275 0.275 1.000
v122	1.807 1.585 2.257	0.001 -0.655 0.756	0.765 0.592 0.000 1.000
v123	1.963 1.567 2.241	0.002 -0.654 0.756	0.765 0.592 0.000 1.000
v124	2.005 1.572 2.246	0.002 -0.653 0.757	0.765 0.592 0.000 1.000
v125	2.112 1.559 2.234	0.001 -0.654 0.757	0.765 0.592 0.000 1.000
v126	2.101 1.522 2.202	0.002 -0.654 0.757	0.765 0.592 0.000 1.000
v127	1.778 1.561 2.236	0.001 -0.655 0.756	0.765 0.592 0.000 1.000
v128	1.806 1.616 2.222	-0.747 0.501 0.436	0.765 0.592 0.000 1.000
v129	1.778 1.592 2.201	-0.747 0.501 0.436	0.765 0.592 0.000 1.000
v130	2.101 1.553 2.166	-0.158 -0.746 -0.646	0.765 0.592 0.000 1.000
v131	2.112 1.590 2.199	0.974 -0.169 -0.149	0.765 0.592 0.000 1.000
v132	2.005 1.603 2.210	-0.011 0.756 0.655	0.765 0.592 0.000 1.000
v133	1.962 1.597 2.205	-0.011 0.756 0.655	0.765 0.592 0.000 1.000
v134	1.704 1.452 2.411	-0.705 -0.464 0.536	0.765 0.592 0.000 1.000
v135	1.814 1.361 2.478	-0.705 -0.465 0.535	0.765 0.592 0.000 1.000
v136	1.844 1.348 2.505	-0.705 -0.462 0.538	0.765 0.592 0.000 1.000
v137	1.920 1.285 2.551	-0.705 -0.465 0.536	0.765 0.592 0.000 1.000
v138	1.912 1.253 2.513	-0.705 -0.463 0.537	0.765 0.592 0.000 1.000
v139	1.683 1.441 2.374	-0.705 -0.465 0.535	0.765 0.592 0.000 1.000
v140	1.737 1.474 2.386	-0.530 0.847 0.037	0.765 0.592 0.000 1.000
v141	1.716 1.463 2.349	-0.530 0.847 0.037	0.765 0.592 0.000 1.000
v142	1.945 1.275 2.487	-0.112 -0.673 -0.731	0.765 0.592 0.000 1.000
v143	1.954 1.307 2.526	0.690 -0.621 0.371	0.765 0.592 0.000 1.000
v144	1.877 1.370 2.480	-0.009 0.762 0.648	0.765 0.592 0.000 1.000
v145	1.847 1.383 2.452	-0.009 0.762 0.648	0.765 0.592 0.000 1.000
v146	1.533 1.795 2.015	1.000 0.000 0.000	0.765 0.592 0.000 1.000
v147	1.533 1.878 1.881	1.000 0.003 0.001	0.765 0.592 0.000 1.000
v148	1.533 1.912 1.854	1.000 0.005 0.002	0.765 0.592 0.000 1.000
v149	1.533 1.969 1.762	1.000 0.003 0.001	0.765 0.592 0.000 1.000
v150	1.533 1.924 1.738	1.000 0.002 0.001	0.765 0.592 0.000 1.000
v151	1.533 1.752 2.016	1.000 0.000 0.000	0.765 0.592 0.000 1.000
v152	1.486 1.795 2.015	0.000 0.012 1.000	0.765 0.592 0.000 1.000
v153	1.486 1.752 2.016	0.000 0.012 1.000	0.765 0.592 0.000 1.000
v154	1.486 1.924 1.738	0.000 -0.850 -0.527	0.765 0.592 0.000 1.000
v155	1.485 1.969 1.762	0.000 0.466 -0.885	0.765 0.592 0.000 1.000
v156	1.486 1.912 1.854	0.000 0.785 0.620	0.765 0.592 0.000 1.000
v157	1.486 1.878 1.881	0.000 0.708 0.706	0.765 0.592 0.000 1.000
v158	1.736 1.727 2.093	0.708 -0.463 0.534	0.765 0.592 0.000 1.000
v159	1.846 1.781 1.994	0.709 -0.458 0.536	0.765 0.592 0.000 1.000
v160	1.876 1.806 1.976	0.710 -0.455 0.537	0.765 0.592 0.000 1.000
v161	1.952 1.843 1.907	0.709 -0.457 0.537	0.765 0.592 0.000 1.000
v162	1.944 1.800 1.881	0.709 -0.459 0.536	0.765 0.592 0.000 1.000
v163	1.716 1.690 2.088	0.708 -0.463 0.534	0.765 0.592 0.000 1.000
v164	1.702 1.749 2.068	-0.528 0.155 0.835	0.765 0.592 0.000 1.000
v165	1.682 1.711 2.062	-0.528 0.155 0.835	0.765 0.592 0.000 1.000
v166	1.910 1.822 1.856	-0.112 -0.820 -0.562	0.765 0.592 0.000 1.000
v167	1.918 1.865 1.882	0.688 0.281 -0.669	0.765 0.592 0.000 1.000
v168	1.842 1.828 1.951	-0.009 0.750 0.661	0.765 0.592 0.000 1.000
v169	1.813 1.802 1.969	-0.009 0.750 0.662	0.765 0.592 0.000 1.000
v170	1.212 1.616 2.222	-0.001 0.655 -0.756	0.765 0.592 0.000 1.000
v171	1.056 1.597 2.206	-0.003 0.660 -0.752	0.765 0.592 0.000 1.000
v172	1.014 1.602 2.211	-0.004 0.662 -0.749	0.765 0.592 0.000 1.000
v173	0.906 1.589 2.200	-0.003 0.660 -0.751	0.765 0.592 0.000 1.000
v174	0.918 1.552 2.167	-0.003 0.659 -0.752	0.765 0.592 0.000 1.000
v175	1.241 1.591 2.201	-0.001 0.655 -0.756	0.765 0.592 0.000 1.000
v176	1.212 1.585 2.258	0.747 0.503 0.434	0.765 0.592 0.000 1.000
v177	1.241 1.560 2.237	0.747 0.503 0.434	0.765 0.592 0.000 1.000
v178	0.918 1.521 2.203	0.158 -0.746 -0.647	0.765 0.592 0.000 1.000
v179	0.906 1.558 2.236	-0.974 -0.171 -0.147	0.765 0.592 0.000 1.000
v180	1.014 1.571 2.247	0.011 0.756 0.655	0.765 0.592 0.000 1.000
v181	1.056 1.566 2.242	0.012 0.756 0.655	0.765 0.592 0.000 1.000
v182	1.315 1.749 2.069	0.705 0.464 -0.536	0.765 0.592 0.000 1.000
v183	1.205 1.802 1.969	0.706 0.463 -0.536	0.765 0.592 0.000 1.000
v184	1.175 1.827 1.952	0.706 0.463 -0.536	0.765 0.592 0.000 1.000
v185	1.099 1.864 1.883	0.706 0.464 -0.536	0.765 0.592 0.000 1.000
v186	1.107 1.821 1.857	0.706 0.464 -0.536	0.765 0.592 0.000 1.000
v187	1.336 1.711 2.063	0.705 0.464 -0.536	0.765 0.592 0.000 1.000
v188	1.282 1.727 2.094	0.530 0.157 0.834	0.765 0.592 0.000 1.000
v189	1.302 1.689 2.088	0.530 0.157 0.834	0.765 0.592 0.000 1.000
v190	1.073 1.799 1.882	0.112 -0.819 -0.562	0.765 0.592 0.000 1.000
v191	1.065 1.842 1.908	-0.690 0.280 -0.667	0.765 0.592 0.000 1.000
v192	1.141 1.805 1.977	0.009 0.750 0.661	0.765 0.592 0.000 1.000
v193	1.171 1.780 1.994	0.009 0.750 0.661	0.765 0.592 0.000 1.000
v194	1.486 1.406 2.464	-1.000 0.000 0.000	0.765 0.592 0.000 1.000
v195	1.486 1.285 2.566	-1.000 0.001 0.000	0.765 0.592 0.000 1.000
v196	1.486 1.263 2.603	-1.000 -0.001 -0.001	0.765 0.592 0.000 1.000
v197	1.486 1.180 2.673	-1.000 0.001 0.000	0.765 0.592 0.000 1.000
v198	1.486 1.150 2.632	-1.000 -0.001 -0.001	0.765 0.592 0.000 1.000
v199	1.486 1.400 2.422	-1.000 0.001 0.000	0.765 0.592 0.000 1.000
v200	1.533 1.406 2.464	0.000 0.992 -0.130	0.765 0.592 0.000 1.000
v201	1.533 1.400 2.422	0.000 0.992 -0.130	0.765 0.592 0.000 1.000
v202	1.533 1.150 2.632	0.000 -0.643 -0.766	0.765 0.592 0.000 1.000
v203	1.533 1.180 2.673	0.000 -0.809 0.588	0.765 0.592 0.000 1.000
v204	1.533 1.263 2.603	0.000 0.763 0.646	0.765 0.592 0.000 1.000
v205	1.533 1.285 2.566	0.000 0.764 0.646	0.765 0.592 0.000 1.000
v206	1.283 1.474 2.386	-0.708 0.463 -0.534	0.765 0.592 0.000 1.000
v207	1.173 1.382 2.453	-0.709 0.462 -0.534	0.765 0.592 0.000 1.000
v208	1.143 1.369 2.481	-0.710 0.476 -0.519	0.765 0.592 0.000 1.000
v209	1.067 1.306 2.527	-0.709 0.463 -0.532	0.765 0.592 0.000 1.000
v210	1.075 1.274 2.488	-0.708 0.467 -0.529	0.765 0.592 0.000 1.000
v211	1.303 1.462 2.350	-0.708 0.459 -0.537	0.765 0.592 0.000 1.000
v212	1.316 1.452 2.411	0.528 0.848 0.035	0.765 0.592 0.000 1.000
v213	1.336 1.441 2.375	0.528 0.848 0.035	0.765 0.592 0.000 1.000
v214	1.108 1.252 2.514	0.112 -0.673 -0.731	0.765 0.592 0.000 1.000
v215	1.100 1.284 2.553	-0.688 -0.622 0.373	0.765 0.592 0.000 1.000
v216	1.176 1.347 2.506	0.009 0.762 0.648	0.765 0.592 0.000 1.000
v217	1.206 1.361 2.478	0.009 0.762 0.648	0.765 0.592 0.000 1.000
v218	1.315 1.670 2.192	-0.088 0.772 0.630	0.788 0.788 0.788 1.000
v219	1.230 1.679 2.155	-0.167 0.796 0.581	0.788 0.788 0.788 1.000
v220	1.428 1.491 2.398	-0.028 0.710 0.704	0.827 0.827 0.827 1.000
v221	1.588 1.491 2.398	0.035 0.683 0.729	0.827 0.827 0.827 1.000
v222	1.508 1.481 2.410	-0.009 0.659 0.752	0.827 0.827 0.827 1.000
v223	1.656 1.521 2.364	0.060 0.707 0.704	0.827 0.827 0.827 1.000
v224	1.360 1.521 2.364	-0.060 0.707 0.704	0.827 0.827 0.827 1.000
v225	1.701 1.566 2.313	0.082 0.726 0.683	0.827 0.827 0.827 1.000
v226	1.315 1.566 2.313	-0.082 0.726 0.683	0.827 0.827 0.827 1.000
v227	1.717 1.618 2.252	0.092 0.748 0.657	0.827 0.827 0.827 1.000
v228	1.299 1.618 2.252	-0.092 0.748 0.657	0.827 0.827 0.827 1.000
v229	1.701 1.670 2.192	0.088 0.772 0.630	0.827 0.827 0.827 1.000
v230	1.315 1.670 2.192	-0.088 0.772 0.630	0.827 0.827 0.827 1.000
v231	1.656 1.715 2.141	0.071 0.793 0.606	0.827 0.827 0.827 1.000
v232	1.360 1.715 2.141	-0.071 0.793 0.606	0.827 0.827 0.827 1.000
v233	1.588 1.744 2.106	0.042 0.808 0.588	0.827 0.827 0.827 1.000
v234	1.428 1.744 2.106	-0.050 0.817 0.574	0.827 0.827 0.827 1.000
v235	1.508 1.755 2.094	0.000 0.845 0.534	0.827 0.827 0.827 1.000
v236	1.028 0.671 1.171	-0.947 0.210 -0.242	0.553 0.553 0.659 1.000
v237	0.988 0.541 1.321	-0.998 -0.043 0.050	0.553 0.553 0.659 1.000
v238	0.988 0.541 1.321	-0.998 -0.043 0.050	0.553 0.553 0.659 1.000
v239	0.988 1.342 2.015	-0.979 -0.154 -0.137	0.553 0.553 0.659 1.000
v240	1.028 0.411 1.471	-0.897 -0.290 0.335	0.553 0.553 0.659 1.000
v241	1.140 0.301 1.599	-0.707 -0.463 0.534	0.553 0.553 0.659 1.000
v242	1.309 0.227 1.684	-0.443 -0.587 0.677	0.553 0.553 0.659 1.000
v243	1.508 0.201 1.714	-0.066 -0.654 0.754	0.553 0.553 0.659 1.000
v244	1.707 0.227 1.684	0.321 -0.620 0.716	0.553 0.553 0.659 1.000
v245	1.875 0.301 1.599	0.659 -0.493 0.568	0.553 0.553 0.659 1.000
v246	1.988 0.411 1.471	0.897 -0.290 0.335	0.553 0.553 0.659 1.000
v247	2.027 0.541 1.321	0.998 -0.043 0.050	0.553 0.553 0.659 1.000
v248	1.988 0.671 1.171	0.947 0.210 -0.242	0.553 0.553 0.659 1.000
v249	1.875 0.782 1.044	0.752 0.431 -0.498	0.553 0.553 0.659 1.000
v250	1.707 0.856 0.959	0.443 0.587 -0.677	0.553 0.553 0.659 1.000
v251	1.508 0.882 0.929	0.066 0.654 -0.754	0.553 0.553 0.659 1.000
v252	1.309 0.856 0.959	-0.321 0.620 -0.716	0.553 0.553 0.659 1.000
v253	1.140 0.782 1.044	-0.707 0.463 -0.534	0.553 0.553 0.659 1.000
v254	1.028 1.472 1.865	-0.903 0.091 -0.420	0.553 0.553 0.659 1.000
v255	0.988 1.342 2.015	-0.979 -0.154 -0.137	0.553 0.553 0.659 1.000
v256	1.028 1.212 2.165	-0.905 -0.399 0.146	0.553 0.553 0.659 1.000
v257	1.140 1.101 2.293	-0.700 -0.562 0.439	0.553 0.553 0.659 1.000
v258	1.309 1.027 2.378	-0.372 -0.748 0.549	0.553 0.553 0.659 1.000
v259	1.508 1.001 2.408	0.029 -0.814 0.580	0.553 0.553 0.659 1.000
v260	1.707 1.027 2.378	0.434 -0.730 0.528	0.553 0.553 0.659 1.000
v261	1.875 1.101 2.293	0.726 -0.562 0.397	0.553 0.553 0.659 1.000
v262	1.988 1.212 2.165	0.905 -0.399 0.146	0.553 0.553 0.659 1.000
v263	2.027 1.342 2.015	0.979 -0.154 -0.137	0.553 0.553 0.659 1.000
v264	1.988 1.472 1.865	0.903 0.091 -0.420	0.553 0.553 0.659 1.000
v265	1.875 1.582 1.738	0.667 0.286 -0.689	0.553 0.553 0.659 1.000
v266	1.707 1.656 1.653	0.314 0.452 -0.835	0.553 0.553 0.659 1.000
v267	1.508 1.682 1.623	-0.041 0.521 -0.852	0.553 0.553 0.659 1.000
v268	1.309 1.656 1.653	-0.377 0.436 -0.817	0.553 0.553 0.659 1.000
v269	1.140 1.582 1.738	-0.680 0.239 -0.693	0.553 0.553 0.659 1.000
v270	0.960 1.617 1.953	-0.905 0.088 -0.416	0.553 0.553 0.659 1.000
v271	1.028 1.472 1.865	-0.903 0.091 -0.420	0.553 0.553 0.659 1.000
v272	0.960 1.687 2.014	-0.897 0.291 -0.334	0.553 0.553 0.659 1.000
v273	0.915 1.538 2.185	-0.153 0.753 0.640	0.553 0.553 0.659 1.000
v274	0.960 1.687 2.014	-0.138 0.791 0.596	0.553 0.553 0.659 1.000
v275	0.960 1.390 2.357	-0.145 0.714 0.685	0.553 0.553 0.659 1.000
v276	1.089 1.264 2.502	-0.115 0.680 0.724	0.553 0.553 0.659 1.000
v277	1.281 1.179 2.599	-0.068 0.657 0.751	0.553 0.553 0.659 1.000
v278	1.508 1.150 2.633	0.000 0.646 0.763	0.553 0.553 0.659 1.000
v279	1.735 1.179 2.599	0.068 0.657 0.751	0.553 0.553 0.659 1.000
v280	1.927 1.264 2.502	0.115 0.680 0.724	0.553 0.553 0.659 1.000
v281	2.055 1.390 2.357	0.145 0.714 0.685	0.553 0.553 0.659 1.000
v282	2.101 1.538 2.185	0.153 0.753 0.640	0.553 0.553 0.659 1.000
v283	2.055 1.687 2.014	0.138 0.791 0.596	0.553 0.553 0.659 1.000
v284	1.927 1.813 1.869	0.101 0.822 0.560	0.553 0.553 0.659 1.000
v285	1.735 1.897 1.772	0.049 0.842 0.538	0.553 0.553 0.659 1.000
v286	1.508 1.927 1.737	0.000 0.847 0.532	0.553 0.553 0.659 1.000
v287	1.281 1.897 1.772	-0.049 0.842 0.538	0.553 0.553 0.659 1.000
v288	1.089 1.813 1.869	-0.101 0.822 0.560	0.553 0.553 0.659 1.000
v289	0.960 1.687 2.014	-0.138 0.791 0.596	0.553 0.553 0.659 1.000
v290	1.219 1.649 2.123	-0.145 0.779 0.610	0.553 0.553 0.659 1.000
v291	1.207 1.604 2.242	-0.964 0.237 0.121	0.827 0.827 0.827 1.000
v292	1.219 1.649 2.123	-0.915 0.398 -0.065	0.827 0.827 0.827 1.000
v293	1.230 1.679 2.155	-0.866 0.476 -0.154	0.827 0.827 0.827 1.000
v294	1.195 1.571 2.214	-0.964 0.154 0.218	0.827 0.827 0.827 1.000
v295	1.230 1.528 2.329	-0.915 -0.007 0.404	0.827 0.827 0.827 1.000
v296	1.219 1.493 2.304	-0.866 -0.085 0.493	0.827 0.827 0.827 1.000
v297	1.295 1.464 2.403	-0.683 -0.251 0.686	0.827 0.827 0.827 1.000
v298	1.287 1.426 2.381	-0.683 -0.251 0.686	0.827 0.827 0.827 1.000
v299	1.388 1.382 2.432	-0.428 -0.372 0.824	0.827 0.827 0.827 1.000
v300	1.393 1.422 2.452	-0.310 -0.404 0.861	0.827 0.827 0.827 1.000
v301	1.508 1.366 2.450	0.000 -0.437 0.900	0.827 0.827 0.827 1.000
v302	1.508 1.407 2.470	0.000 -0.437 0.900	0.827 0.827 0.827 1.000
v303	1.623 1.422 2.452	0.310 -0.404 0.861	0.827 0.827 0.827 1.000
v304	1.627 1.382 2.432	0.428 -0.372 0.824	0.827 0.827 0.827 1.000
v305	1.721 1.464 2.403	0.683 -0.251 0.686	0.827 0.827 0.827 1.000
v306	1.729 1.426 2.381	0.683 -0.251 0.686	0.827 0.827 0.827 1.000
v307	1.786 1.528 2.329	0.915 -0.007 0.404	0.827 0.827 0.827 1.000
v308	1.797 1.493 2.304	0.866 -0.085 0.493	0.827 0.827 0.827 1.000
v309	1.809 1.604 2.242	0.964 0.237 0.121	0.827 0.827 0.827 1.000
v310	1.820 1.571 2.214	0.964 0.154 0.218	0.827 0.827 0.827 1.000
v311	1.786 1.679 2.155	0.866 0.476 -0.154	0.827 0.827 0.827 1.000
v312	1.797 1.649 2.123	0.915 0.398 -0.065	0.827 0.827 0.827 1.000
v313	1.721 1.743 2.081	0.683 0.643 -0.346	0.827 0.827 0.827 1.000
v314	1.729 1.716 2.047	0.683 0.643 -0.346	0.827 0.827 0.827 1.000
v315	1.623 1.786 2.032	0.428 0.763 -0.485	0.827 0.827 0.827 1.000
v316	1.627 1.760 1.996	0.310 0.795 -0.522	0.827 0.827 0.827 1.000
v317	1.508 1.801 2.015	0.000 0.829 -0.560	0.827 0.827 0.827 1.000
v318	1.508 1.776 1.978	0.000 0.829 -0.560	0.827 0.827 0.827 1.000
v319	1.388 1.760 1.996	-0.310 0.795 -0.522	0.827 0.827 0.827 1.000
v320	1.393 1.786 2.032	-0.428 0.763 -0.485	0.827 0.827 0.827 1.000
v321	1.295 1.743 2.081	-0.683 0.643 -0.346	0.827 0.827 0.827 1.000
v322	1.287 1.716 2.047	-0.683 0.643 -0.346	0.827 0.827 0.827 1.000
v323	1.230 1.679 2.155	-0.866 0.476 -0.154	0.827 0.827 0.827 1.000
v324	1.219 1.649 2.123	-0.915 0.398 -0.065	0.827 0.827 0.827 1.000
v325	2.320 1.203 1.088	0.000 0.853 -0.522	0.275 0.275 0.275 1.000
v326	0.704 1.203 1.088	0.000 0.853 -0.522	0.275 0.275 0.275 1.000
v327	0.704 0.554 0.027	0.001 0.000 -1.000	0.275 0.275 0.275 1.000
v328	0.704 -0.006 3.064	0.000 -1.000 0.000	0.275 0.275 0.275 1.000
v329	2.320 -0.007 3.064	0.000 -1.000 0.000	0.275 0.275 0.275 1.000
v330	0.704 -0.006 0.027	0.000 -1.000 0.000	0.275 0.275 0.275 1.000
v331	2.320 -0.007 0.028	0.000 0.000 -1.000	0.275 0.275 0.275 1.000
v332	2.320 0.554 0.028	0.000 0.000 -1.000	0.275 0.275 0.275 1.000
v333	0.030 -0.006 0.027	-0.001 -1.000 0.000	0.275 0.275 0.275 1.000
v334	0.030 -0.006 0.027	-0.920 0.333 0.204	0.275 0.275 0.275 1.000
v335	0.704 1.203 1.088	-0.920 0.333 0.204	0.275 0.275 0.275 1.000
v336	0.704 -0.006 3.064	-0.920 0.333 0.204	0.275 0.275 0.275 1.000
v337	0.030 -0.006 0.027	-0.578 0.696 -0.426	0.275 0.275 0.275 1.000
v338	0.704 0.554 0.027	-0.578 0.696 -0.426	0.275 0.275 0.275 1.000
v339	0.704 1.203 1.088	-0.578 0.696 -0.426	0.275 0.275 0.275 1.000
v340	2.994 -0.006 0.027	0.578 0.696 -0.426	0.275 0.275 0.275 1.000
v341	2.320 1.203 1.088	0.578 0.696 -0.426	0.275 0.275 0.275 1.000
v342	2.320 0.554 0.028	0.578 0.696 -0.426	0.275 0.275 0.275 1.000
v343	2.994 -0.006 0.027	0.920 0.334 0.204	0.275 0.275 0.275 1.000
v344	2.320 -0.007 3.064	0.920 0.334 0.204	0.275 0.275 0.275 1.000
v345	2.320 1.203 1.088	0.920 0.334 0.204	0.275 0.275 0.275 1.000
v346	2.994 -0.006 0.027	0.001 -1.000 0.000	0.275 0.275 0.275 1.000
v347	1.807 1.585 2.257	-0.747 0.501 0.436	0.765 0.592 0.000 1.000
v348	1.778 1.561 2.236	-0.747 0.501 0.436	0.765 0.592 0.000 1.000
v349	1.778 1.592 2.201	-0.158 -0.746 -0.646	0.765 0.592 0.000 1.000
v350	1.778 1.561 2.236	-0.158 -0.746 -0.646	0.765 0.592 0.000 1.000
v351	2.101 1.522 2.202	-0.158 -0.746 -0.646	0.765 0.592 0.000 1.000
v352	2.101 1.553 2.166	0.974 -0.169 -0.149	0.765 0.592 0.000 1.000
v353	2.112 1.559 2.234	0.974 -0.169 -0.149	0.765 0.592 0.000 1.000
v354	2.101 1.522 2.202	0.974 -0.169 -0.149	0.765 0.592 0.000 1.000
v355	2.112 1.559 2.234	0.159 0.746 0.646	0.765 0.592 0.000 1.000
v356	2.005 1.572 2.246	-0.011 0.756 0.655	0.765 0.592 0.000 1.000
v357	2.112 1.590 2.199	0.159 0.746 0.646	0.765 0.592 0.000 1.000
v358	1.963 1.567 2.241	-0.011 0.756 0.655	0.765 0.592 0.000 1.000
v359	1.806 1.616 2.222	0.158 0.746 0.646	0.765 0.592 0.000 1.000
v360	1.807 1.585 2.257	0.158 0.746 0.646	0.765 0.592 0.000 1.000
v361	1.962 1.597 2.205	0.001 -0.645 0.764	0.765 0.592 0.000 1.000
v362	1.778 1.592 2.201	0.001 -0.645 0.764	0.765 0.592 0.000 1.000
v363	2.005 1.603 2.210	0.001 -0.645 0.764	0.765 0.592 0.000 1.000
v364	1.962 1.597 2.205	-0.001 0.655 -0.756	0.765 0.592 0.000 1.000
v365	1.806 1.616 2.222	-0.001 0.655 -0.756	0.765 0.592 0.000 1.000
v366	1.778 1.592 2.201	-0.001 0.654 -0.756	0.765 0.592 0.000 1.000
v367	2.112 1.590 2.199	-0.001 0.654 -0.757	0.765 0.592 0.000 1.000
v368	2.005 1.603 2.210	-0.001 0.654 -0.757	0.765 0.592 0.000 1.000
v369	2.101 1.553 2.166	-0.001 0.654 -0.757	0.765 0.592 0.000 1.000
v370	1.683 1.441 2.374	-0.530 0.847 0.037	0.765 0.592 0.000 1.000
v371	1.704 1.452 2.411	-0.530 0.847 0.037	0.765 0.592 0.000 1.000
v372	1.912 1.253 2.513	-0.112 -0.673 -0.731	0.765 0.592 0.000 1.000
v373	1.716 1.463 2.349	-0.112 -0.673 -0.731	0.765 0.592 0.000 1.000
v374	1.683 1.441 2.374	-0.112 -0.673 -0.731	0.765 0.592 0.000 1.000
v375	1.945 1.275 2.487	0.690 -0.621 0.371	0.765 0.592 0.000 1.000
v376	1.920 1.285 2.551	0.690 -0.621 0.371	0.765 0.592 0.000 1.000
v377	1.912 1.253 2.513	0.690 -0.621 0.371	0.765 0.592 0.000 1.000
v378	1.920 1.285 2.551	0.112 0.673 0.731	0.765 0.592 0.000 1.000
v379	1.844 1.348 2.505	-0.009 0.762 0.648	0.765 0.592 0.000 1.000
v380	1.954 1.307 2.526	0.112 0.673 0.731	0.765 0.592 0.000 1.000
v381	1.814 1.361 2.478	-0.009 0.762 0.648	0.765 0.592 0.000 1.000
v382	1.704 1.452 2.411	0.112 0.673 0.731	0.765 0.592 0.000 1.000
v383	1.737 1.474 2.386	0.112 0.673 0.731	0.765 0.592 0.000 1.000
v384	1.847 1.383 2.452	0.705 0.462 -0.538	0.765 0.592 0.000 1.000
v385	1.954 1.307 2.526	0.705 0.463 -0.538	0.765 0.592 0.000 1.000
v386	1.877 1.370 2.480	0.705 0.462 -0.538	0.765 0.592 0.000 1.000
v387	1.847 1.383 2.452	-0.705 -0.460 0.540	0.765 0.592 0.000 1.000
v388	1.737 1.474 2.386	-0.705 -0.460 0.540	0.765 0.592 0.000 1.000
v389	1.954 1.307 2.526	-0.705 -0.460 0.540	0.765 0.592 0.000 1.000
v390	1.737 1.474 2.386	0.705 0.464 -0.536	0.765 0.592 0.000 1.000
v391	1.945 1.275 2.487	0.705 0.464 -0.536	0.765 0.592 0.000 1.000
v392	1.716 1.463 2.349	0.705 0.464 -0.536	0.765 0.592 0.000 1.000
v393	1.533 1.795 2.015	0.000 0.012 1.000	0.765 0.592 0.000 1.000
v394	1.533 1.752 2.016	0.000 0.012 1.000	0.765 0.592 0.000 1.000
v395	1.533 1.924 1.738	0.000 -0.850 -0.527	0.765 0.592 0.000 1.000
v396	1.486 1.752 2.016	0.000 -0.850 -0.527	0.765 0.592 0.000 1.000
v397	1.533 1.752 2.016	0.000 -0.850 -0.527	0.765 0.592 0.000 1.000
v398	1.533 1.969 1.762	0.000 0.467 -0.885	0.765 0.592 0.000 1.000
v399	1.486 1.924 1.738	0.000 0.467 -0.885	0.765 0.592 0.000 1.000
v400	1.533 1.924 1.738	0.000 0.467 -0.884	0.765 0.592 0.000 1.000
v401	1.533 1.969 1.762	0.000 0.850 0.527	0.765 0.592 0.000 1.000
v402	1.533 1.912 1.854	0.000 0.708 0.706	0.765 0.592 0.000 1.000
v403	1.485 1.969 1.762	0.000 0.850 0.527	0.765 0.592 0.000 1.000
v404	1.533 1.878 1.881	0.000 0.784 0.620	0.765 0.592 0.000 1.000
v405	1.533 1.795 2.015	0.000 0.850 0.527	0.765 0.592 0.000 1.000
v406	1.486 1.795 2.015	0.000 0.850 0.527	0.765 0.592 0.000 1.000
v407	1.486 1.878 1.881	1.000 0.017 0.015	0.765 0.592 0.000 1.000
v408	1.486 1.752 2.016	1.000 0.017 0.015	0.765 0.592 0.000 1.000
v409	1.486 1.912 1.854	1.000 0.017 0.015	0.765 0.592 0.000 1.000
v410	1.486 1.878 1.881	-1.000 0.000 0.000	0.765 0.592 0.000 1.000
v411	1.486 1.795 2.015	-1.000 0.000 0.000	0.765 0.592 0.000 1.000
v412	1.486 1.752 2.016	-1.000 -0.001 -0.001	0.765 0.592 0.000 1.000
v413	1.485 1.969 1.762	-1.000 -0.002 -0.001	0.765 0.592 0.000 1.000
v414	1.486 1.912 1.854	-1.000 -0.001 0.000	0.765 0.592 0.000 1.000
v415	1.486 1.924 1.738	-1.000 -0.003 -0.002	0.765 0.592 0.000 1.000
v416	1.716 1.690 2.088	-0.528 0.155 0.835	0.765 0.592 0.000 1.000
v417	1.736 1.727 2.093	-0.528 0.155 0.835	0.765 0.592 0.000 1.000
v418	1.944 1.800 1.881	-0.112 -0.820 -0.562	0.765 0.592 0.000 1.000
v419	1.682 1.711 2.062	-0.112 -0.820 -0.562	0.765 0.592 0.000 1.000
v420	1.716 1.690 2.088	-0.112 -0.820 -0.562	0.765 0.592 0.000 1.000
v421	1.910 1.822 1.856	0.688 0.281 -0.669	0.765 0.592 0.000 1.000
v422	1.952 1.843 1.907	0.688 0.281 -0.669	0.765 0.592 0.000 1.000
v423	1.944 1.800 1.881	0.688 0.281 -0.669	0.765 0.592 0.000 1.000
v424	1.952 1.843 1.907	0.112 0.820 0.562	0.765 0.592 0.000 1.000
v425	1.876 1.806 1.976	-0.009 0.750 0.661	0.765 0.592 0.000 1.000
v426	1.918 1.865 1.882	0.112 0.820 0.562	0.765 0.592 0.000 1.000
v427	1.846 1.781 1.994	-0.009 0.750 0.662	0.765 0.592 0.000 1.000
v428	1.736 1.727 2.093	0.112 0.820 0.562	0.765 0.592 0.000 1.000
v429	1.702 1.749 2.068	0.112 0.820 0.562	0.765 0.592 0.000 1.000
v430	1.813 1.802 1.969	0.706 -0.432 0.561	0.765 0.592 0.000 1.000
v431	1.682 1.711 2.062	0.706 -0.432 0.561	0.765 0.592 0.000 1.000
v432	1.842 1.828 1.951	0.706 -0.432 0.561	0.765 0.592 0.000 1.000
v433	1.813 1.802 1.969	-0.708 0.463 -0.534	0.765 0.592 0.000 1.000
v434	1.702 1.749 2.068	-0.708 0.463 -0.534	0.765 0.592 0.000 1.000
v435	1.682 1.711 2.062	-0.708 0.460 -0.535	0.765 0.592 0.000 1.000
v436	1.918 1.865 1.882	-0.708 0.459 -0.536	0.765 0.592 0.000 1.000
v437	1.842 1.828 1.951	-0.708 0.461 -0.535	0.765 0.592 0.000 1.000
v438	1.910 1.822 1.856	-0.708 0.458 -0.537	0.765 0.592 0.000 1.000
v439	1.212 1.616 2.222	0.747 0.503 0.434	0.765 0.592 0.000 1.000
v440	1.241 1.591 2.201	0.747 0.503 0.434	0.765 0.592 0.000 1.000
v441	1.241 1.591 2.201	0.158 -0.746 -0.647	0.765 0.592 0.000 1.000
v442	1.241 1.560 2.237	0.158 -0.746 -0.647	0.765 0.592 0.000 1.000
v443	0.918 1.552 2.167	0.158 -0.746 -0.647	0.765 0.592 0.000 1.000
v444	0.918 1.552 2.167	-0.974 -0.171 -0.147	0.765 0.592 0.000 1.000
v445	0.906 1.589 2.200	-0.974 -0.171 -0.147	0.765 0.592 0.000 1.000
v446	0.918 1.521 2.203	-0.974 -0.171 -0.146	0.765 0.592 0.000 1.000
v447	1.014 1.602 2.211	0.011 0.756 0.655	0.765 0.592 0.000 1.000
v448	0.906 1.558 2.236	-0.159 0.746 0.647	0.765 0.592 0.000 1.000
v449	0.906 1.589 2.200	-0.159 0.746 0.647	0.765 0.592 0.000 1.000
v450	1.056 1.597 2.206	0.012 0.756 0.655	0.765 0.592 0.000 1.000
v451	1.212 1.616 2.222	-0.158 0.746 0.647	0.765 0.592 0.000 1.000
v452	1.212 1.585 2.258	-0.158 0.746 0.647	0.765 0.592 0.000 1.000
v453	1.056 1.566 2.242	0.001 0.692 -0.722	0.765 0.592 0.000 1.000
v454	1.241 1.560 2.237	0.001 0.692 -0.722	0.765 0.592 0.000 1.000
v455	1.014 1.571 2.247	0.001 0.692 -0.722	0.765 0.592 0.000 1.000
v456	1.056 1.566 2.242	0.001 -0.655 0.756	0.765 0.592 0.000 1.000
v457	1.212 1.585 2.258	0.001 -0.655 0.756	0.765 0.592 0.000 1.000
v458	1.241 1.560 2.237	0.002 -0.658 0.753	0.765 0.592 0.000 1.000
v459	0.906 1.558 2.236	0.002 -0.659 0.752	0.765 0.592 0.000 1.000
v460	1.014 1.571 2.247	0.002 -0.658 0.753	0.765 0.592 0.000 1.000
v461	0.918 1.521 2.203	0.002 -0.661 0.751	0.765 0.592 0.000 1.000
v462	1.315 1.749 2.069	0.530 0.157 0.834	0.765 0.592 0.000 1.000
v463	1.336 1.711 2.063	0.530 0.157 0.834	0.765 0.592 0.000 1.000
v464	1.302 1.689 2.088	0.112 -0.819 -0.562	0.765 0.592 0.000 1.000
v465	1.336 1.711 2.063	0.112 -0.819 -0.562	0.765 0.592 0.000 1.000
v466	1.107 1.821 1.857	0.112 -0.819 -0.562	0.765 0.592 0.000 1.000
v467	1.107 1.821 1.857	-0.690 0.280 -0.667	0.765 0.592 0.000 1.000
v468	1.099 1.864 1.883	-0.690 0.280 -0.667	0.765 0.592 0.000 1.000
v469	1.073 1.799 1.882	-0.690 0.280 -0.667	0.765 0.592 0.000 1.000
v470	1.065 1.842 1.908	-0.112 0.819 0.562	0.765 0.592 0.000 1.000
v471	1.175 1.827 1.952	0.009 0.750 0.661	0.765 0.592 0.000 1.000
v472	1.099 1.864 1.883	-0.112 0.819 0.562	0.765 0.592 0.000 1.000
v473	1.205 1.802 1.969	0.009 0.750 0.661	0.765 0.592 0.000 1.000
v474	1.315 1.749 2.069	-0.112 0.819 0.562	0.765 0.592 0.000 1.000
v475	1.282 1.727 2.094	-0.112 0.819 0.562	0.765 0.592 0.000 1.000
v476	1.171 1.780 1.994	0.705 0.459 -0.540	0.765 0.592 0.000 1.000
v477	1.302 1.689 2.088	0.705 0.459 -0.540	0.765 0.592 0.000 1.000
v478	1.141 1.805 1.977	0.705 0.459 -0.540	0.765 0.592 0.000 1.000
v479	1.171 1.780 1.994	-0.705 -0.464 0.536	0.765 0.592 0.000 1.000
v480	1.282 1.727 2.094	-0.705 -0.464 0.536	0.765 0.592 0.000 1.000
v481	1.302 1.689 2.088	-0.706 -0.464 0.536	0.765 0.592 0.000 1.000
v482	1.065 1.842 1.908	-0.706 -0.464 0.536	0.765 0.592 0.000 1.000
v483	1.141 1.805 1.977	-0.706 -0.463 0.536	0.765 0.592 0.000 1.000
v484	1.073 1.799 1.882	-0.706 -0.464 0.536	0.765 0.592 0.000 1.000
v485	1.486 1.406 2.464	0.000 0.992 -0.130	0.765 0.592 0.000 1.000
v486	1.486 1.400 2.422	0.000 0.992 -0.130	0.765 0.592 0.000 1.000
v487	1.486 1.400 2.422	0.000 -0.643 -0.766	0.765 0.592 0.000 1.000
v488	1.486 1.150 2.632	0.000 -0.643 -0.766	0.765 0.592 0.000 1.000
v489	1.533 1.400 2.422	0.000 -0.643 -0.766	0.765 0.592 0.000 1.000
v490	1.533 1.150 2.632	-0.001 -0.809 0.588	0.765 0.592 0.000 1.000
v491	1.486 1.180 2.673	-0.001 -0.809 0.588	0.765 0.592 0.000 1.000
v492	1.486 1.150 2.632	-0.001 -0.809 0.588	0.765 0.592 0.000 1.000
v493	1.533 1.180 2.673	0.000 0.642 0.767	0.765 0.592 0.000 1.000
v494	1.486 1.180 2.673	0.000 0.642 0.767	0.765 0.592 0.000 1.000
v495	1.486 1.263 2.603	0.000 0.763 0.646	0.765 0.592 0.000 1.000
v496	1.486 1.285 2.566	0.000 0.764 0.646	0.765 0.592 0.000 1.000
v497	1.486 1.406 2.464	0.000 0.643 0.766	0.765 0.592 0.000 1.000
v498	1.533 1.406 2.464	0.000 0.643 0.766	0.765 0.592 0.000 1.000
v499	1.533 1.285 2.566	1.000 0.001 0.001	0.765 0.592 0.000 1.000
v500	1.533 1.180 2.673	1.000 0.001 0.001	0.765 0.592 0.000 1.000
v501	1.533 1.263 2.603	1.000 0.001 0.001	0.765 0.592 0.000 1.000
v502	1.533 1.285 2.566	-1.000 -0.003 -0.003	0.765 0.592 0.000 1.000
v503	1.533 1.406 2.464	-1.000 -0.003 -0.003	0.765 0.592 0.000 1.000
v504	1.533 1.180 2.673	-1.000 -0.003 -0.003	0.765 0.592 0.000 1.000
v505	1.533 1.406 2.464	1.000 0.000 0.001	0.765 0.592 0.000 1.000
v506	1.533 1.150 2.632	1.000 0.000 0.001	0.765 0.592 0.000 1.000
v507	1.533 1.400 2.422	1.000 0.000 0.000	0.765 0.592 0.000 1.000
v508	1.283 1.474 2.386	0.528 0.848 0.035	0.765 0.592 0.000 1.000
v509	1.303 1.462 2.350	0.528 0.848 0.035	0.765 0.592 0.000 1.000
v510	1.303 1.462 2.350	0.112 -0.673 -0.731	0.765 0.592 0.000 1.000
v511	1.075 1.274 2.488	0.112 -0.673 -0.731	0.765 0.592 0.000 1.000
v512	1.336 1.441 2.375	0.112 -0.673 -0.731	0.765 0.592 0.000 1.000
v513	1.075 1.274 2.488	-0.688 -0.622 0.373	0.765 0.592 0.000 1.000
v514	1.067 1.306 2.527	-0.688 -0.622 0.373	0.765 0.592 0.000 1.000
v515	1.108 1.252 2.514	-0.688 -0.622 0.373	0.765 0.592 0.000 1.000
v516	1.143 1.369 2.481	0.009 0.762 0.648	0.765 0.592 0.000 1.000
v517	1.100 1.284 2.553	-0.112 0.673 0.731	0.765 0.592 0.000 1.000
v518	1.067 1.306 2.527	-0.112 0.673 0.731	0.765 0.592 0.000 1.000
v519	1.173 1.382 2.453	0.009 0.762 0.648	0.765 0.592 0.000 1.000
v520	1.283 1.474 2.386	-0.112 0.673 0.731	0.765 0.592 0.000 1.000
v521	1.316 1.452 2.411	-0.112 0.673 0.731	0.765 0.592 0.000 1.000
v522	1.206 1.361 2.478	0.710 -0.476 0.519	0.765 0.592 0.000 1.000
v523	1.100 1.284 2.553	0.709 -0.471 0.524	0.765 0.592 0.000 1.000
v524	1.176 1.347 2.506	0.710 -0.476 0.519	0.765 0.592 0.000 1.000
v525	1.206 1.361 2.478	-0.710 0.478 -0.517	0.765 0.592 0.000 1.000
v526	1.316 1.452 2.411	-0.710 0.478 -0.517	0.765 0.592 0.000 1.000
v527	1.100 1.284 2.553	-0.710 0.478 -0.517	0.765 0.592 0.000 1.000
v528	1.316 1.452 2.411	0.708 -0.465 0.531	0.765 0.592 0.000 1.000
v529	1.108 1.252 2.514	0.708 -0.465 0.531	0.765 0.592 0.000 1.000
v530	1.336 1.441 2.375	0.708 -0.463 0.534	0.765 0.592 0.000 1.000
f3 16 17 98
f3 97 16 98
f3 17 99 98
f3 18 99 17
f3 100 99 18
f3 19 100 18
f3 20 100 19
f3 101 100 20
f3 21 101 20
f3 102 101 21
f3 22 102 21
f3 103 102 22
f3 103 22 23
f3 104 103 23
f3 24 104 23
f3 105 104 24
f3 25 105 24
f3 106 105 25
f3 26 106 25
f3 107 106 26
f3 107 26 27
f3 108 107 27
f3 108 27 28
f3 109 108 28
f3 110 28 29
f3 109 28 110
f3 111 29 30
f3 110 29 111
f3 30 31 96
f3 111 30 96
f3 218 16 97
f3 219 218 97
f3 220 221 222
f3 223 221 220
f3 224 223 220
f3 225 223 224
f3 226 225 224
f3 227 225 226
f3 228 227 226
f3 229 227 228
f3 230 229 228
f3 231 229 230
f3 232 231 230
f3 233 231 232
f3 234 233 232
f3 235 233 234
f3 5 3 4
f3 2 3 5
f3 6 2 5
f3 1 2 6
f3 7 1 6
f3 0 1 7
f3 8 0 7
f3 15 0 8
f3 9 15 8
f3 14 15 9
f3 10 14 9
f3 13 14 10
f3 11 13 10
f3 12 13 11
f3 236 32 33
f3 237 236 33
f3 238 239 34
f3 240 238 34
f3 240 34 35
f3 241 240 35
f3 242 241 35
f3 36 242 35
f3 243 242 36
f3 37 243 36
f3 244 243 37
f3 38 244 37
f3 245 244 38
f3 39 245 38
f3 246 39 40
f3 245 39 246
f3 247 40 41
f3 246 40 247
f3 248 41 42
f3 247 41 248
f3 249 42 43
f3 248 42 249
f3 43 44 250
f3 249 43 250
f3 44 45 251
f3 250 44 251
f3 45 46 252
f3 251 45 252
f3 46 47 253
f3 252 46 253
f3 253 47 32
f3 236 253 32
f3 49 254 48
f3 255 254 49
f3 50 255 49
f3 256 255 50
f3 51 256 50
f3 257 256 51
f3 258 51 52
f3 257 51 258
f3 259 52 53
f3 258 52 259
f3 259 53 54
f3 260 259 54
f3 260 54 55
f3 261 260 55
f3 55 56 262
f3 261 55 262
f3 56 57 263
f3 262 56 263
f3 57 58 264
f3 263 57 264
f3 265 58 59
f3 264 58 265
f3 265 60 266
f3 59 60 265
f3 266 61 267
f3 60 61 266
f3 61 62 268
f3 267 61 268
f3 62 63 269
f3 268 62 269
f3 269 63 270
f3 271 269 270
f3 65 48 64
f3 49 48 65
f3 66 49 65
f3 50 49 66
f3 67 50 66
f3 51 50 67
f3 52 51 67
f3 68 52 67
f3 53 52 68
f3 69 53 68
f3 70 53 69
f3 54 53 70
f3 71 54 70
f3 55 54 71
f3 71 72 56
f3 55 71 56
f3 72 73 57
f3 56 72 57
f3 73 74 58
f3 57 73 58
f3 74 75 59
f3 58 74 59
f3 75 76 60
f3 59 75 60
f3 76 77 61
f3 60 76 61
f3 77 78 62
f3 61 77 62
f3 62 79 63
f3 78 79 62
f3 272 63 79
f3 270 63 272
f3 80 81 273
f3 274 80 273
f3 81 82 275
f3 273 81 275
f3 82 276 275
f3 83 276 82
f3 83 277 276
f3 84 277 83
f3 278 277 84
f3 85 278 84
f3 86 278 85
f3 279 278 86
f3 279 86 87
f3 280 279 87
f3 280 87 88
f3 281 280 88
f3 89 281 88
f3 282 281 89
f3 90 282 89
f3 283 282 90
f3 283 90 91
f3 284 283 91
f3 284 91 92
f3 285 284 92
f3 285 92 93
f3 286 285 93
f3 287 93 94
f3 286 93 287
f3 288 94 95
f3 287 94 288
f3 289 95 290
f3 288 95 289
f3 291 292 293
f3 294 292 291
f3 295 294 291
f3 296 294 295
f3 297 296 295
f3 298 296 297
f3 299 298 297
f3 300 299 297
f3 301 299 300
f3 302 301 300
f3 303 301 302
f3 304 301 303
f3 305 304 303
f3 306 304 305
f3 305 307 308
f3 306 305 308
f3 307 309 310
f3 308 307 310
f3 309 311 312
f3 310 309 312
f3 311 313 314
f3 312 311 314
f3 315 314 313
f3 316 314 315
f3 316 315 317
f3 318 316 317
f3 319 317 320
f3 318 317 319
f3 320 321 322
f3 319 320 322
f3 323 322 321
f3 324 322 323
f3 113 112 114
f3 115 113 114
f3 117 325 326
f3 116 117 326
f3 327 120 118
f3 119 328 329
f3 330 328 119
f3 331 121 332
f3 333 328 330
f3 334 335 336
f3 332 327 118
f3 331 332 118
f3 337 338 339
f3 340 341 342
f3 343 344 345
f3 346 119 329
f3 123 127 122
f3 126 127 123
f3 126 123 124
f3 125 126 124
f3 347 129 128
f3 348 129 347
f3 349 350 351
f3 130 349 351
f3 352 353 131
f3 354 353 352
f3 132 355 356
f3 357 355 132
f3 132 356 358
f3 133 132 358
f3 359 358 360
f3 133 358 359
f3 361 362 363
f3 364 365 366
f3 366 367 368
f3 366 369 367
f3 135 139 134
f3 137 135 136
f3 137 139 135
f3 138 139 137
f3 370 140 371
f3 141 140 370
f3 372 373 374
f3 142 373 372
f3 375 376 143
f3 377 376 375
f3 378 379 144
f3 380 378 144
f3 381 144 379
f3 145 144 381
f3 381 382 383
f3 145 381 383
f3 384 385 386
f3 387 388 389
f3 390 391 385
f3 390 392 391
f3 148 149 150
f3 147 148 150
f3 146 147 150
f3 151 146 150
f3 393 153 152
f3 394 153 393
f3 395 396 397
f3 154 396 395
f3 398 155 399
f3 400 398 399
f3 401 402 156
f3 403 401 156
f3 402 157 156
f3 404 157 402
f3 404 405 406
f3 157 404 406
f3 407 408 409
f3 410 411 412
f3 412 413 414
f3 412 415 413
f3 162 160 161
f3 159 160 162
f3 158 159 162
f3 163 158 162
f3 416 165 164
f3 417 416 164
f3 418 419 420
f3 166 419 418
f3 421 422 167
f3 423 422 421
f3 424 425 168
f3 426 424 168
f3 427 169 168
f3 425 427 168
f3 427 428 429
f3 169 427 429
f3 430 431 432
f3 433 434 435
f3 435 436 437
f3 435 438 436
f3 172 173 174
f3 171 172 174
f3 170 171 174
f3 175 170 174
f3 176 439 440
f3 177 176 440
f3 441 178 442
f3 443 178 441
f3 444 445 179
f3 446 444 179
f3 447 180 448
f3 449 447 448
f3 447 181 180
f3 450 181 447
f3 451 452 181
f3 450 451 181
f3 453 454 455
f3 456 457 458
f3 458 459 460
f3 458 461 459
f3 186 184 185
f3 183 184 186
f3 182 183 186
f3 187 182 186
f3 462 189 188
f3 463 189 462
f3 190 464 465
f3 466 190 465
f3 467 468 191
f3 469 467 191
f3 470 471 192
f3 472 471 470
f3 471 193 192
f3 473 193 471
f3 193 474 475
f3 473 474 193
f3 476 477 478
f3 479 480 481
f3 481 482 483
f3 481 484 482
f3 195 199 194
f3 197 195 196
f3 197 199 195
f3 198 199 197
f3 201 200 485
f3 486 201 485
f3 202 487 488
f3 489 487 202
f3 490 491 203
f3 492 491 490
f3 493 494 495
f3 204 493 495
f3 205 204 495
f3 496 205 495
f3 205 496 497
f3 498 205 497
f3 499 500 501
f3 502 503 504
f3 505 506 500
f3 505 507 506
f3 207 211 206
f3 209 207 208
f3 209 211 207
f3 210 211 209
f3 213 212 508
f3 509 213 508
f3 510 511 214
f3 512 510 214
f3 513 514 215
f3 515 513 215
f3 516 517 518
f3 216 517 516
f3 217 216 516
f3 519 217 516
f3 520 217 519
f3 521 217 520
f3 522 523 524
f3 525 526 527
f3 528 529 523
f3 528 530 529
