v0	0.493 -0.001 2.537	0.000 -1.000 0.000	0.400 0.404 0.420 1.000
v1	3.483 -0.001 2.537	0.000 -1.000 0.000	0.400 0.404 0.420 1.000
v2	1.988 -0.001 0.355	0.000 -1.000 0.000	0.400 0.404 0.420 1.000
v3	0.638 0.085 2.468	-0.003 0.685 0.728	0.400 0.404 0.420 1.000
v4	3.344 0.085 2.478	-0.001 0.636 0.771	0.400 0.404 0.420 1.000
v5	1.981 0.085 0.482	0.568 0.726 -0.388	0.400 0.404 0.420 1.000
v6	1.987 0.046 0.418	0.615 0.667 -0.420	0.400 0.404 0.420 1.000
v7	0.563 0.046 2.505	-0.001 0.614 0.789	0.400 0.404 0.420 1.000
v8	3.413 0.046 2.506	0.000 0.570 0.822	0.400 0.404 0.420 1.000
v9	1.988 0.110 1.809	0.000 1.000 0.000	0.063 0.063 0.067 1.000
v10	1.987 0.041 1.040	0.499 0.053 0.865	0.400 0.404 0.420 1.000
v11	2.118 0.041 0.964	0.470 0.043 0.882	0.400 0.404 0.420 1.000
v12	2.118 0.041 0.812	1.000 0.000 0.000	0.400 0.404 0.420 1.000
v13	1.987 0.041 0.737	0.476 0.011 -0.879	0.400 0.404 0.420 1.000
v14	1.856 0.041 0.812	-0.474 0.011 -0.880	0.400 0.404 0.420 1.000
v15	1.856 0.041 0.964	-1.000 0.000 0.000	0.400 0.404 0.420 1.000
v16	1.987 0.499 1.012	0.470 0.043 0.882	0.400 0.404 0.420 1.000
v17	2.118 0.537 0.946	0.440 0.032 0.898	0.400 0.404 0.420 1.000
v18	2.118 0.613 0.815	1.000 0.000 0.000	0.400 0.404 0.420 1.000
v19	1.987 0.651 0.749	0.451 0.018 -0.892	0.400 0.404 0.420 1.000
v20	1.856 0.613 0.815	-0.448 0.004 -0.894	0.400 0.404 0.420 1.000
v21	1.856 0.537 0.946	-1.000 0.000 0.000	0.400 0.404 0.420 1.000
v22	2.446 0.214 1.502	0.000 -0.866 -0.500	0.776 0.776 0.776 1.000
v23	2.900 0.608 0.820	0.000 -0.866 -0.500	0.776 0.776 0.776 1.000
v24	2.446 1.002 0.138	0.000 -0.866 -0.500	0.776 0.776 0.776 1.000
v25	1.537 1.002 0.138	0.000 -0.866 -0.500	0.000 0.000 0.000 1.000
v26	1.082 0.608 0.820	0.000 -0.866 -0.500	0.000 0.000 0.000 1.000
v27	1.537 0.214 1.502	0.000 -0.866 -0.500	0.776 0.776 0.776 1.000
v28	2.435 0.229 1.489	0.000 -0.866 -0.500	0.224 0.224 0.224 1.000
v29	2.879 0.614 0.822	0.000 -0.866 -0.500	0.224 0.224 0.224 1.000
v30	2.435 0.998 0.156	0.000 -0.866 -0.500	0.224 0.224 0.224 1.000
v31	1.547 0.998 0.156	0.000 -0.866 -0.500	0.000 0.000 0.000 1.000
v32	1.103 0.614 0.822	0.000 -0.866 -0.500	0.000 0.000 0.000 1.000
v33	1.547 0.229 1.489	0.000 -0.866 -0.500	0.224 0.224 0.224 1.000
v34	2.614 0.626 0.826	0.000 0.866 0.500	0.039 0.016 0.420 1.000
v35	2.729 0.527 0.998	0.000 0.866 0.500	0.039 0.016 0.420 1.000
v36	2.843 0.625 0.827	0.000 0.866 0.500	0.039 0.016 0.420 1.000
v37	2.728 0.724 0.656	0.000 0.866 0.500	0.039 0.016 0.420 1.000
v38	0.493 -0.001 2.537	0.000 -1.000 0.000	0.400 0.404 0.420 1.000
v39	0.493 -0.001 2.537	0.000 -1.000 0.000	0.400 0.404 0.420 1.000
v40	2.299 0.356 1.294	0.000 0.866 0.500	0.039 0.016 0.420 1.000
v41	2.185 0.257 1.465	0.000 0.866 0.500	0.039 0.016 0.420 1.000
v42	2.412 0.257 1.466	0.000 0.866 0.500	0.039 0.016 0.420 1.000
v43	2.527 0.356 1.294	0.000 0.866 0.500	0.039 0.016 0.420 1.000
v44	0.493 -0.001 2.537	0.000 -1.000 0.000	0.400 0.404 0.420 1.000
v45	0.493 -0.001 2.537	0.000 -1.000 0.000	0.400 0.404 0.420 1.000
v46	2.563 0.384 1.245	0.000 -0.866 -0.500	0.039 0.016 0.420 1.000
v47	2.694 0.498 1.049	0.000 -0.866 -0.500	0.039 0.016 0.420 1.000
v48	2.563 0.611 0.852	0.000 -0.866 -0.500	0.039 0.016 0.420 1.000
v49	2.301 0.611 0.852	0.000 -0.866 -0.500	0.039 0.016 0.420 1.000
v50	2.170 0.497 1.049	0.000 -0.866 -0.500	0.039 0.016 0.420 1.000
v51	2.301 0.384 1.245	0.000 -0.866 -0.500	0.039 0.016 0.420 1.000
v52	2.565 0.639 0.804	0.000 -0.866 -0.500	0.039 0.016 0.420 1.000
v53	2.696 0.752 0.607	0.000 -0.866 -0.500	0.039 0.016 0.420 1.000
v54	2.565 0.866 0.411	0.000 -0.866 -0.500	0.039 0.016 0.420 1.000
v55	2.303 0.866 0.411	0.000 -0.866 -0.500	0.039 0.016 0.420 1.000
v56	2.172 0.752 0.607	0.000 -0.866 -0.500	0.039 0.016 0.420 1.000
v57	2.303 0.639 0.804	0.000 -0.866 -0.500	0.039 0.016 0.420 1.000
v58	2.122 0.511 1.025	0.000 -0.866 -0.500	0.039 0.016 0.420 1.000
v59	2.253 0.624 0.829	0.000 -0.866 -0.500	0.039 0.016 0.420 1.000
v60	2.122 0.738 0.632	0.000 -0.866 -0.500	0.039 0.016 0.420 1.000
v61	1.860 0.738 0.632	0.000 -0.866 -0.500	0.039 0.016 0.420 1.000
v62	1.729 0.624 0.829	0.000 -0.866 -0.500	0.039 0.016 0.420 1.000
v63	1.860 0.511 1.025	0.000 -0.866 -0.500	0.039 0.016 0.420 1.000
v64	2.119 0.256 1.467	0.000 -0.866 -0.500	0.039 0.016 0.420 1.000
v65	2.250 0.370 1.271	0.000 -0.866 -0.500	0.039 0.016 0.420 1.000
v66	2.119 0.483 1.074	0.000 -0.866 -0.500	0.039 0.016 0.420 1.000
v67	1.857 0.483 1.074	0.000 -0.866 -0.500	0.039 0.016 0.420 1.000
v68	1.726 0.369 1.271	0.000 -0.866 -0.500	0.039 0.016 0.420 1.000
v69	1.857 0.256 1.467	0.000 -0.866 -0.500	0.039 0.016 0.420 1.000
v70	1.681 0.355 1.295	0.000 0.866 0.500	0.039 0.016 0.420 1.000
v71	1.452 0.355 1.295	0.000 0.866 0.500	0.039 0.016 0.420 1.000
v72	1.565 0.257 1.466	0.000 0.866 0.500	0.039 0.016 0.420 1.000
v73	1.794 0.257 1.466	0.000 0.866 0.500	0.039 0.016 0.420 1.000
v74	0.493 -0.001 2.537	0.000 -1.000 0.000	0.400 0.404 0.420 1.000
v75	0.493 -0.001 2.537	0.000 -1.000 0.000	0.400 0.404 0.420 1.000
v76	1.684 0.385 1.244	0.000 -0.866 -0.500	0.039 0.016 0.420 1.000
v77	1.815 0.498 1.047	0.000 -0.866 -0.500	0.039 0.016 0.420 1.000
v78	1.685 0.612 0.851	0.000 -0.866 -0.500	0.039 0.016 0.420 1.000
v79	1.423 0.612 0.851	0.000 -0.866 -0.500	0.039 0.016 0.420 1.000
v80	1.292 0.498 1.047	0.000 -0.866 -0.500	0.039 0.016 0.420 1.000
v81	1.423 0.385 1.244	0.000 -0.866 -0.500	0.039 0.016 0.420 1.000
v82	1.371 0.627 0.825	0.000 0.866 0.500	0.039 0.016 0.420 1.000
v83	1.256 0.726 0.653	0.000 0.866 0.500	0.039 0.016 0.420 1.000
v84	1.143 0.627 0.824	0.000 0.866 0.500	0.039 0.016 0.420 1.000
v85	1.257 0.528 0.995	0.000 0.866 0.500	0.039 0.016 0.420 1.000
v86	0.493 -0.001 2.537	0.000 -1.000 0.000	0.400 0.404 0.420 1.000
v87	0.493 -0.001 2.537	0.000 -1.000 0.000	0.400 0.404 0.420 1.000
v88	1.677 0.639 0.804	0.000 -0.866 -0.500	0.039 0.016 0.420 1.000
v89	1.808 0.752 0.608	0.000 -0.866 -0.500	0.039 0.016 0.420 1.000
v90	1.677 0.865 0.412	0.000 -0.866 -0.500	0.039 0.016 0.420 1.000
v91	1.415 0.865 0.412	0.000 -0.866 -0.500	0.039 0.016 0.420 1.000
v92	1.284 0.752 0.608	0.000 -0.866 -0.500	0.039 0.016 0.420 1.000
v93	1.415 0.638 0.805	0.000 -0.866 -0.500	0.039 0.016 0.420 1.000
v94	1.680 0.894 0.362	0.000 0.866 0.500	0.039 0.016 0.420 1.000
v95	1.795 0.993 0.190	0.000 0.866 0.500	0.039 0.016 0.420 1.000
v96	1.567 0.993 0.190	0.000 0.866 0.500	0.039 0.016 0.420 1.000
v97	1.453 0.894 0.362	0.000 0.866 0.500	0.039 0.016 0.420 1.000
v98	0.493 -0.001 2.537	0.000 -1.000 0.000	0.400 0.404 0.420 1.000
v99	0.493 -0.001 2.537	0.000 -1.000 0.000	0.400 0.404 0.420 1.000
v100	2.304 0.894 0.361	0.000 0.866 0.500	0.039 0.016 0.420 1.000
v101	2.533 0.894 0.361	0.000 0.866 0.500	0.039 0.016 0.420 1.000
v102	2.419 0.993 0.191	0.000 0.866 0.500	0.039 0.016 0.420 1.000
v103	2.190 0.993 0.191	0.000 0.866 0.500	0.039 0.016 0.420 1.000
v104	0.493 -0.001 2.537	0.000 -1.000 0.000	0.400 0.404 0.420 1.000
v105	0.493 -0.001 2.537	0.000 -1.000 0.000	0.400 0.404 0.420 1.000
v106	2.119 0.767 0.582	0.000 -0.866 -0.500	0.039 0.016 0.420 1.000
v107	2.250 0.880 0.386	0.000 -0.866 -0.500	0.039 0.016 0.420 1.000
v108	2.119 0.994 0.190	0.000 -0.866 -0.500	0.039 0.016 0.420 1.000
v109	1.857 0.994 0.190	0.000 -0.866 -0.500	0.039 0.016 0.420 1.000
v110	1.726 0.880 0.386	0.000 -0.866 -0.500	0.039 0.016 0.420 1.000
v111	1.857 0.767 0.582	0.000 -0.866 -0.500	0.039 0.016 0.420 1.000
v112	2.293 0.881 0.376	0.000 0.866 0.500	0.776 0.776 0.776 1.000
v113	2.563 0.881 0.376	0.000 0.866 0.500	0.776 0.776 0.776 1.000
v114	2.428 0.998 0.173	0.000 0.866 0.500	0.776 0.776 0.776 1.000
v115	2.158 0.998 0.173	0.000 0.866 0.500	0.776 0.776 0.776 1.000
v116	0.493 -0.001 2.537	0.000 -1.000 0.000	0.400 0.404 0.420 1.000
v117	0.493 -0.001 2.537	0.000 -1.000 0.000	0.400 0.404 0.420 1.000
v118	2.130 0.754 0.596	0.000 -0.866 -0.500	0.776 0.776 0.776 1.000
v119	2.271 0.877 0.384	0.000 -0.866 -0.500	0.776 0.776 0.776 1.000
v120	2.130 0.999 0.172	0.000 -0.866 -0.500	0.776 0.776 0.776 1.000
v121	1.846 0.999 0.172	0.000 -0.866 -0.500	0.776 0.776 0.776 1.000
v122	1.705 0.877 0.384	0.000 -0.866 -0.500	0.776 0.776 0.776 1.000
v123	1.846 0.754 0.596	0.000 -0.866 -0.500	0.776 0.776 0.776 1.000
v124	1.692 0.881 0.376	0.000 0.866 0.500	0.776 0.776 0.776 1.000
v125	1.827 0.998 0.173	0.000 0.866 0.500	0.776 0.776 0.776 1.000
v126	1.556 0.998 0.173	0.000 0.866 0.500	0.776 0.776 0.776 1.000
v127	1.421 0.881 0.376	0.000 0.866 0.500	0.776 0.776 0.776 1.000
v128	0.493 -0.001 2.537	0.000 -1.000 0.000	0.400 0.404 0.420 1.000
v129	0.493 -0.001 2.537	0.000 -1.000 0.000	0.400 0.404 0.420 1.000
v130	1.688 0.626 0.818	0.000 -0.866 -0.500	0.776 0.776 0.776 1.000
v131	1.829 0.748 0.606	0.000 -0.866 -0.500	0.776 0.776 0.776 1.000
v132	1.688 0.871 0.393	0.000 -0.866 -0.500	0.776 0.776 0.776 1.000
v133	1.404 0.871 0.393	0.000 -0.866 -0.500	0.776 0.776 0.776 1.000
v134	1.263 0.748 0.606	0.000 -0.866 -0.500	0.776 0.776 0.776 1.000
v135	1.404 0.626 0.818	0.000 -0.866 -0.500	0.776 0.776 0.776 1.000
v136	1.393 0.623 0.822	0.000 0.866 0.500	0.776 0.776 0.776 1.000
v137	1.258 0.740 0.620	0.000 0.866 0.500	0.776 0.776 0.776 1.000
v138	1.122 0.623 0.823	0.000 0.866 0.500	0.776 0.776 0.776 1.000
v139	1.257 0.506 1.025	0.000 0.866 0.500	0.776 0.776 0.776 1.000
v140	0.493 -0.001 2.537	0.000 -1.000 0.000	0.400 0.404 0.420 1.000
v141	0.493 -0.001 2.537	0.000 -1.000 0.000	0.400 0.404 0.420 1.000
v142	1.695 0.372 1.258	0.000 -0.866 -0.500	0.776 0.776 0.776 1.000
v143	1.836 0.494 1.046	0.000 -0.866 -0.500	0.776 0.776 0.776 1.000
v144	1.695 0.617 0.833	0.000 -0.866 -0.500	0.776 0.776 0.776 1.000
v145	1.412 0.617 0.833	0.000 -0.866 -0.500	0.776 0.776 0.776 1.000
v146	1.270 0.494 1.046	0.000 -0.866 -0.500	0.776 0.776 0.776 1.000
v147	1.412 0.372 1.258	0.000 -0.866 -0.500	0.776 0.776 0.776 1.000
v148	1.691 0.361 1.277	0.000 0.866 0.500	0.776 0.776 0.776 1.000
v149	1.421 0.361 1.277	0.000 0.866 0.500	0.776 0.776 0.776 1.000
v150	1.557 0.244 1.479	0.000 0.866 0.500	0.776 0.776 0.776 1.000
v151	1.827 0.244 1.479	0.000 0.866 0.500	0.776 0.776 0.776 1.000
v152	0.493 -0.001 2.537	0.000 -1.000 0.000	0.400 0.404 0.420 1.000
v153	0.493 -0.001 2.537	0.000 -1.000 0.000	0.400 0.404 0.420 1.000
v154	2.132 0.498 1.039	0.000 -0.866 -0.500	0.776 0.776 0.776 1.000
v155	2.274 0.621 0.827	0.000 -0.866 -0.500	0.776 0.776 0.776 1.000
v156	2.132 0.743 0.614	0.000 -0.866 -0.500	0.776 0.776 0.776 1.000
v157	1.849 0.743 0.614	0.000 -0.866 -0.500	0.776 0.776 0.776 1.000
v158	1.707 0.621 0.827	0.000 -0.866 -0.500	0.776 0.776 0.776 1.000
v159	1.849 0.498 1.039	0.000 -0.866 -0.500	0.776 0.776 0.776 1.000
v160	2.575 0.626 0.818	0.000 -0.866 -0.500	0.776 0.776 0.776 1.000
v161	2.717 0.749 0.605	0.000 -0.866 -0.500	0.776 0.776 0.776 1.000
v162	2.575 0.871 0.393	0.000 -0.866 -0.500	0.776 0.776 0.776 1.000
v163	2.292 0.871 0.393	0.000 -0.866 -0.500	0.776 0.776 0.776 1.000
v164	2.150 0.749 0.605	0.000 -0.866 -0.500	0.776 0.776 0.776 1.000
v165	2.292 0.626 0.818	0.000 -0.866 -0.500	0.776 0.776 0.776 1.000
v166	2.593 0.622 0.825	0.000 0.866 0.500	0.776 0.776 0.776 1.000
v167	2.728 0.505 1.027	0.000 0.866 0.500	0.776 0.776 0.776 1.000
v168	2.863 0.622 0.824	0.000 0.866 0.500	0.776 0.776 0.776 1.000
v169	2.728 0.739 0.622	0.000 0.866 0.500	0.776 0.776 0.776 1.000
v170	0.493 -0.001 2.537	0.000 -1.000 0.000	0.400 0.404 0.420 1.000
v171	0.493 -0.001 2.537	0.000 -1.000 0.000	0.400 0.404 0.420 1.000
v172	2.130 0.243 1.481	0.000 -0.866 -0.500	0.776 0.776 0.776 1.000
v173	2.271 0.366 1.269	0.000 -0.866 -0.500	0.776 0.776 0.776 1.000
v174	2.130 0.488 1.056	0.000 -0.866 -0.500	0.776 0.776 0.776 1.000
v175	1.846 0.488 1.056	0.000 -0.866 -0.500	0.776 0.776 0.776 1.000
v176	1.705 0.366 1.269	0.000 -0.866 -0.500	0.776 0.776 0.776 1.000
v177	1.846 0.243 1.481	0.000 -0.866 -0.500	0.776 0.776 0.776 1.000
v178	2.288 0.362 1.276	0.000 0.866 0.500	0.776 0.776 0.776 1.000
v179	2.153 0.245 1.478	0.000 0.866 0.500	0.776 0.776 0.776 1.000
v180	2.424 0.245 1.478	0.000 0.866 0.500	0.776 0.776 0.776 1.000
v181	2.558 0.362 1.276	0.000 0.866 0.500	0.776 0.776 0.776 1.000
v182	0.493 -0.001 2.537	0.000 -1.000 0.000	0.400 0.404 0.420 1.000
v183	0.493 -0.001 2.537	0.000 -1.000 0.000	0.400 0.404 0.420 1.000
v184	2.573 0.371 1.259	0.000 -0.866 -0.500	0.776 0.776 0.776 1.000
v185	2.715 0.494 1.047	0.000 -0.866 -0.500	0.776 0.776 0.776 1.000
v186	2.573 0.616 0.835	0.000 -0.866 -0.500	0.776 0.776 0.776 1.000
v187	2.290 0.616 0.835	0.000 -0.866 -0.500	0.776 0.776 0.776 1.000
v188	2.148 0.494 1.047	0.000 -0.866 -0.500	0.776 0.776 0.776 1.000
v189	2.290 0.371 1.259	0.000 -0.866 -0.500	0.776 0.776 0.776 1.000
v190	1.742 0.287 1.398	0.001 0.865 0.502	0.776 0.776 0.776 1.000
v191	1.734 0.294 1.386	0.001 0.865 0.502	0.776 0.776 0.776 1.000
v192	2.684 0.559 0.926	0.001 0.865 0.502	0.776 0.776 0.776 1.000
v193	2.676 0.566 0.914	0.001 0.865 0.502	0.776 0.776 0.776 1.000
v194	1.289 0.558 0.928	0.000 0.866 0.500	0.776 0.776 0.776 1.000
v195	1.297 0.565 0.915	0.000 0.866 0.500	0.776 0.776 0.776 1.000
v196	2.232 0.287 1.398	0.000 0.866 0.500	0.776 0.776 0.776 1.000
v197	2.240 0.294 1.386	0.000 0.866 0.500	0.776 0.776 0.776 1.000
v198	1.481 0.467 1.086	0.000 0.866 0.500	0.776 0.776 0.776 1.000
v199	1.473 0.474 1.073	0.000 0.866 0.500	0.776 0.776 0.776 1.000
v200	2.423 0.740 0.614	0.000 0.866 0.500	0.776 0.776 0.776 1.000
v201	2.415 0.747 0.602	0.000 0.866 0.500	0.776 0.776 0.776 1.000
v202	2.436 0.349 1.291	0.004 0.866 0.500	0.776 0.776 0.776 1.000
v203	2.420 0.349 1.291	0.004 0.866 0.500	0.776 0.776 0.776 1.000
v204	2.436 0.893 0.349	0.004 0.866 0.500	0.776 0.776 0.776 1.000
v205	2.420 0.893 0.349	0.004 0.866 0.500	0.776 0.776 0.776 1.000
v206	1.512 0.749 0.598	0.001 0.867 0.498	0.776 0.776 0.776 1.000
v207	1.520 0.756 0.586	0.001 0.867 0.498	0.776 0.776 0.776 1.000
v208	2.455 0.477 1.069	0.001 0.867 0.498	0.776 0.776 0.776 1.000
v209	2.463 0.484 1.056	0.001 0.867 0.498	0.776 0.776 0.776 1.000
v210	1.996 0.345 1.298	-0.003 0.866 0.500	0.776 0.776 0.776 1.000
v211	1.980 0.345 1.298	-0.003 0.866 0.500	0.776 0.776 0.776 1.000
v212	1.996 0.889 0.356	-0.003 0.866 0.500	0.776 0.776 0.776 1.000
v213	1.980 0.889 0.356	-0.003 0.866 0.500	0.776 0.776 0.776 1.000
v214	1.555 0.343 1.301	0.007 0.866 0.500	0.776 0.776 0.776 1.000
v215	1.538 0.343 1.301	0.007 0.866 0.500	0.776 0.776 0.776 1.000
v216	1.555 0.887 0.359	0.007 0.866 0.500	0.776 0.776 0.776 1.000
v217	1.539 0.887 0.359	0.007 0.866 0.500	0.776 0.776 0.776 1.000
v218	1.298 0.669 0.735	-0.001 0.866 0.499	0.776 0.776 0.776 1.000
v219	1.290 0.676 0.723	-0.001 0.866 0.499	0.776 0.776 0.776 1.000
v220	2.240 0.942 0.264	-0.001 0.866 0.499	0.776 0.776 0.776 1.000
v221	2.232 0.949 0.251	-0.001 0.866 0.499	0.776 0.776 0.776 1.000
v222	1.733 0.941 0.265	0.000 0.866 0.500	0.776 0.776 0.776 1.000
v223	1.741 0.948 0.253	0.000 0.866 0.500	0.776 0.776 0.776 1.000
v224	2.676 0.669 0.736	0.000 0.866 0.500	0.776 0.776 0.776 1.000
v225	2.684 0.676 0.724	0.000 0.866 0.500	0.776 0.776 0.776 1.000
v226	1.027 0.041 2.421	0.499 0.053 0.865	0.400 0.404 0.420 1.000
v227	1.158 0.041 2.346	0.470 0.043 0.882	0.400 0.404 0.420 1.000
v228	1.158 0.041 2.194	1.000 0.000 0.000	0.400 0.404 0.420 1.000
v229	1.027 0.041 2.119	0.476 0.011 -0.879	0.400 0.404 0.420 1.000
v230	0.896 0.041 2.194	-0.474 0.011 -0.880	0.400 0.404 0.420 1.000
v231	0.896 0.041 2.346	-1.000 0.000 0.000	0.400 0.404 0.420 1.000
v232	1.027 0.499 2.393	0.470 0.043 0.882	0.400 0.404 0.420 1.000
v233	1.158 0.537 2.328	0.440 0.032 0.898	0.400 0.404 0.420 1.000
v234	1.158 0.613 2.197	1.000 0.000 0.000	0.400 0.404 0.420 1.000
v235	1.027 0.651 2.131	0.451 0.018 -0.892	0.400 0.404 0.420 1.000
v236	0.896 0.613 2.197	-0.448 0.004 -0.894	0.400 0.404 0.420 1.000
v237	0.896 0.537 2.328	-1.000 0.000 0.000	0.400 0.404 0.420 1.000
v238	1.486 0.214 2.884	0.000 -0.866 -0.500	0.776 0.776 0.776 1.000
v239	1.941 0.608 2.202	0.000 -0.866 -0.500	0.776 0.776 0.776 1.000
v240	1.486 1.002 1.520	0.000 -0.866 -0.500	0.776 0.776 0.776 1.000
v241	0.577 1.002 1.520	0.000 -0.866 -0.500	0.000 0.000 0.000 1.000
v242	0.122 0.608 2.202	0.000 -0.866 -0.500	0.000 0.000 0.000 1.000
v243	0.577 0.214 2.884	0.000 -0.866 -0.500	0.776 0.776 0.776 1.000
v244	1.475 0.229 2.871	0.000 -0.866 -0.500	0.224 0.224 0.224 1.000
v245	1.919 0.614 2.204	0.000 -0.866 -0.500	0.224 0.224 0.224 1.000
v246	1.475 0.998 1.538	0.000 -0.866 -0.500	0.224 0.224 0.224 1.000
v247	0.587 0.998 1.538	0.000 -0.866 -0.500	0.000 0.000 0.000 1.000
v248	0.143 0.614 2.204	0.000 -0.866 -0.500	0.000 0.000 0.000 1.000
v249	0.587 0.229 2.871	0.000 -0.866 -0.500	0.224 0.224 0.224 1.000
v250	1.655 0.626 2.208	0.000 0.866 0.500	0.039 0.016 0.420 1.000
v251	1.769 0.527 2.380	0.000 0.866 0.500	0.039 0.016 0.420 1.000
v252	1.883 0.625 2.209	0.000 0.866 0.500	0.039 0.016 0.420 1.000
v253	1.768 0.724 2.038	0.000 0.866 0.500	0.039 0.016 0.420 1.000
v254	0.493 -0.001 2.537	0.000 -1.000 0.000	0.400 0.404 0.420 1.000
v255	0.493 -0.001 2.537	0.000 -1.000 0.000	0.400 0.404 0.420 1.000
v256	1.339 0.356 2.676	0.000 0.866 0.500	0.039 0.016 0.420 1.000
v257	1.225 0.257 2.847	0.000 0.866 0.500	0.039 0.016 0.420 1.000
v258	1.452 0.257 2.847	0.000 0.866 0.500	0.039 0.016 0.420 1.000
v259	1.567 0.356 2.676	0.000 0.866 0.500	0.039 0.016 0.420 1.000
v260	0.493 -0.001 2.537	0.000 -1.000 0.000	0.400 0.404 0.420 1.000
v261	0.493 -0.001 2.537	0.000 -1.000 0.000	0.400 0.404 0.420 1.000
v262	1.603 0.384 2.627	0.000 -0.866 -0.500	0.039 0.016 0.420 1.000
v263	1.734 0.498 2.431	0.000 -0.866 -0.500	0.039 0.016 0.420 1.000
v264	1.603 0.611 2.234	0.000 -0.866 -0.500	0.039 0.016 0.420 1.000
v265	1.341 0.611 2.234	0.000 -0.866 -0.500	0.039 0.016 0.420 1.000
v266	1.210 0.497 2.431	0.000 -0.866 -0.500	0.039 0.016 0.420 1.000
v267	1.341 0.384 2.627	0.000 -0.866 -0.500	0.039 0.016 0.420 1.000
v268	1.605 0.639 2.186	0.000 -0.866 -0.500	0.039 0.016 0.420 1.000
v269	1.736 0.752 1.989	0.000 -0.866 -0.500	0.039 0.016 0.420 1.000
v270	1.605 0.866 1.793	0.000 -0.866 -0.500	0.039 0.016 0.420 1.000
v271	1.343 0.866 1.793	0.000 -0.866 -0.500	0.039 0.016 0.420 1.000
v272	1.212 0.752 1.989	0.000 -0.866 -0.500	0.039 0.016 0.420 1.000
v273	1.343 0.639 2.185	0.000 -0.866 -0.500	0.039 0.016 0.420 1.000
v274	1.162 0.511 2.407	0.000 -0.866 -0.500	0.039 0.016 0.420 1.000
v275	1.293 0.624 2.211	0.000 -0.866 -0.500	0.039 0.016 0.420 1.000
v276	1.162 0.738 2.014	0.000 -0.866 -0.500	0.039 0.016 0.420 1.000
v277	0.900 0.738 2.014	0.000 -0.866 -0.500	0.039 0.016 0.420 1.000
v278	0.769 0.624 2.211	0.000 -0.866 -0.500	0.039 0.016 0.420 1.000
v279	0.900 0.511 2.407	0.000 -0.866 -0.500	0.039 0.016 0.420 1.000
v280	1.159 0.256 2.849	0.000 -0.866 -0.500	0.039 0.016 0.420 1.000
v281	1.290 0.370 2.652	0.000 -0.866 -0.500	0.039 0.016 0.420 1.000
v282	1.159 0.483 2.456	0.000 -0.866 -0.500	0.039 0.016 0.420 1.000
v283	0.897 0.483 2.456	0.000 -0.866 -0.500	0.039 0.016 0.420 1.000
v284	0.767 0.369 2.652	0.000 -0.866 -0.500	0.039 0.016 0.420 1.000
v285	0.897 0.256 2.849	0.000 -0.866 -0.500	0.039 0.016 0.420 1.000
v286	0.721 0.355 2.677	0.000 0.866 0.500	0.039 0.016 0.420 1.000
v287	0.492 0.355 2.677	0.000 0.866 0.500	0.039 0.016 0.420 1.000
v288	0.606 0.257 2.848	0.000 0.866 0.500	0.039 0.016 0.420 1.000
v289	0.835 0.257 2.848	0.000 0.866 0.500	0.039 0.016 0.420 1.000
v290	0.493 -0.001 2.537	0.000 -1.000 0.000	0.400 0.404 0.420 1.000
v291	0.493 -0.001 2.537	0.000 -1.000 0.000	0.400 0.404 0.420 1.000
v292	0.725 0.385 2.626	0.000 -0.866 -0.500	0.039 0.016 0.420 1.000
v293	0.856 0.498 2.429	0.000 -0.866 -0.500	0.039 0.016 0.420 1.000
v294	0.725 0.612 2.233	0.000 -0.866 -0.500	0.039 0.016 0.420 1.000
v295	0.463 0.612 2.233	0.000 -0.866 -0.500	0.039 0.016 0.420 1.000
v296	0.332 0.498 2.429	0.000 -0.866 -0.500	0.039 0.016 0.420 1.000
v297	0.463 0.385 2.626	0.000 -0.866 -0.500	0.039 0.016 0.420 1.000
v298	0.411 0.627 2.207	0.000 0.866 0.500	0.039 0.016 0.420 1.000
v299	0.297 0.726 2.035	0.000 0.866 0.500	0.039 0.016 0.420 1.000
v300	0.183 0.627 2.206	0.000 0.866 0.500	0.039 0.016 0.420 1.000
v301	0.297 0.528 2.377	0.000 0.866 0.500	0.039 0.016 0.420 1.000
v302	0.493 -0.001 2.537	0.000 -1.000 0.000	0.400 0.404 0.420 1.000
v303	0.493 -0.001 2.537	0.000 -1.000 0.000	0.400 0.404 0.420 1.000
v304	0.717 0.639 2.186	0.000 -0.866 -0.500	0.039 0.016 0.420 1.000
v305	0.848 0.752 1.990	0.000 -0.866 -0.500	0.039 0.016 0.420 1.000
v306	0.717 0.865 1.793	0.000 -0.866 -0.500	0.039 0.016 0.420 1.000
v307	0.456 0.865 1.793	0.000 -0.866 -0.500	0.039 0.016 0.420 1.000
v308	0.325 0.752 1.990	0.000 -0.866 -0.500	0.039 0.016 0.420 1.000
v309	0.455 0.638 2.186	0.000 -0.866 -0.500	0.039 0.016 0.420 1.000
v310	0.721 0.894 1.744	0.000 0.866 0.500	0.039 0.016 0.420 1.000
v311	0.835 0.993 1.572	0.000 0.866 0.500	0.039 0.016 0.420 1.000
v312	0.608 0.993 1.572	0.000 0.866 0.500	0.039 0.016 0.420 1.000
v313	0.493 0.894 1.744	0.000 0.866 0.500	0.039 0.016 0.420 1.000
v314	0.493 -0.001 2.537	0.000 -1.000 0.000	0.400 0.404 0.420 1.000
v315	0.493 -0.001 2.537	0.000 -1.000 0.000	0.400 0.404 0.420 1.000
v316	1.344 0.894 1.743	0.000 0.866 0.500	0.039 0.016 0.420 1.000
v317	1.573 0.894 1.743	0.000 0.866 0.500	0.039 0.016 0.420 1.000
v318	1.459 0.993 1.573	0.000 0.866 0.500	0.039 0.016 0.420 1.000
v319	1.230 0.993 1.573	0.000 0.866 0.500	0.039 0.016 0.420 1.000
v320	0.493 -0.001 2.537	0.000 -1.000 0.000	0.400 0.404 0.420 1.000
v321	0.493 -0.001 2.537	0.000 -1.000 0.000	0.400 0.404 0.420 1.000
v322	1.159 0.767 1.964	0.000 -0.866 -0.500	0.039 0.016 0.420 1.000
v323	1.290 0.880 1.768	0.000 -0.866 -0.500	0.039 0.016 0.420 1.000
v324	1.159 0.994 1.571	0.000 -0.866 -0.500	0.039 0.016 0.420 1.000
v325	0.897 0.994 1.572	0.000 -0.866 -0.500	0.039 0.016 0.420 1.000
v326	0.766 0.880 1.768	0.000 -0.866 -0.500	0.039 0.016 0.420 1.000
v327	0.897 0.767 1.964	0.000 -0.866 -0.500	0.039 0.016 0.420 1.000
v328	1.333 0.881 1.758	0.000 0.866 0.500	0.776 0.776 0.776 1.000
v329	1.603 0.881 1.758	0.000 0.866 0.500	0.776 0.776 0.776 1.000
v330	1.468 0.998 1.555	0.000 0.866 0.500	0.776 0.776 0.776 1.000
v331	1.198 0.998 1.555	0.000 0.866 0.500	0.776 0.776 0.776 1.000
v332	0.493 -0.001 2.537	0.000 -1.000 0.000	0.400 0.404 0.420 1.000
v333	0.493 -0.001 2.537	0.000 -1.000 0.000	0.400 0.404 0.420 1.000
v334	1.170 0.754 1.978	0.000 -0.866 -0.500	0.776 0.776 0.776 1.000
v335	1.311 0.877 1.766	0.000 -0.866 -0.500	0.776 0.776 0.776 1.000
v336	1.170 1.000 1.554	0.000 -0.866 -0.500	0.776 0.776 0.776 1.000
v337	0.887 0.999 1.554	0.000 -0.866 -0.500	0.776 0.776 0.776 1.000
v338	0.745 0.877 1.766	0.000 -0.866 -0.500	0.776 0.776 0.776 1.000
v339	0.886 0.754 1.978	0.000 -0.866 -0.500	0.776 0.776 0.776 1.000
v340	0.732 0.881 1.758	0.000 0.866 0.500	0.776 0.776 0.776 1.000
v341	0.867 0.998 1.555	0.000 0.866 0.500	0.776 0.776 0.776 1.000
v342	0.596 0.998 1.555	0.000 0.866 0.500	0.776 0.776 0.776 1.000
v343	0.461 0.881 1.758	0.000 0.866 0.500	0.776 0.776 0.776 1.000
v344	0.493 -0.001 2.537	0.000 -1.000 0.000	0.400 0.404 0.420 1.000
v345	0.493 -0.001 2.537	0.000 -1.000 0.000	0.400 0.404 0.420 1.000
v346	0.728 0.626 2.200	0.000 -0.866 -0.500	0.776 0.776 0.776 1.000
v347	0.869 0.748 1.988	0.000 -0.866 -0.500	0.776 0.776 0.776 1.000
v348	0.728 0.871 1.775	0.000 -0.866 -0.500	0.776 0.776 0.776 1.000
v349	0.445 0.871 1.775	0.000 -0.866 -0.500	0.776 0.776 0.776 1.000
v350	0.303 0.748 1.988	0.000 -0.866 -0.500	0.776 0.776 0.776 1.000
v351	0.445 0.626 2.200	0.000 -0.866 -0.500	0.776 0.776 0.776 1.000
v352	0.433 0.623 2.204	0.000 0.866 0.500	0.776 0.776 0.776 1.000
v353	0.298 0.740 2.002	0.000 0.866 0.500	0.776 0.776 0.776 1.000
v354	0.163 0.623 2.205	0.000 0.866 0.500	0.776 0.776 0.776 1.000
v355	0.298 0.506 2.407	0.000 0.866 0.500	0.776 0.776 0.776 1.000
v356	0.493 -0.001 2.537	0.000 -1.000 0.000	0.400 0.404 0.420 1.000
v357	0.493 -0.001 2.537	0.000 -1.000 0.000	0.400 0.404 0.420 1.000
v358	0.735 0.372 2.640	0.000 -0.866 -0.500	0.776 0.776 0.776 1.000
v359	0.877 0.494 2.427	0.000 -0.866 -0.500	0.776 0.776 0.776 1.000
v360	0.735 0.617 2.215	0.000 -0.866 -0.500	0.776 0.776 0.776 1.000
v361	0.452 0.617 2.215	0.000 -0.866 -0.500	0.776 0.776 0.776 1.000
v362	0.310 0.494 2.427	0.000 -0.866 -0.500	0.776 0.776 0.776 1.000
v363	0.452 0.372 2.640	0.000 -0.866 -0.500	0.776 0.776 0.776 1.000
v364	0.731 0.361 2.658	0.000 0.866 0.500	0.776 0.776 0.776 1.000
v365	0.461 0.361 2.658	0.000 0.866 0.500	0.776 0.776 0.776 1.000
v366	0.597 0.244 2.861	0.000 0.866 0.500	0.776 0.776 0.776 1.000
v367	0.867 0.244 2.861	0.000 0.866 0.500	0.776 0.776 0.776 1.000
v368	0.493 -0.001 2.537	0.000 -1.000 0.000	0.400 0.404 0.420 1.000
v369	0.493 -0.001 2.537	0.000 -1.000 0.000	0.400 0.404 0.420 1.000
v370	1.172 0.498 2.421	0.000 -0.866 -0.500	0.776 0.776 0.776 1.000
v371	1.314 0.621 2.209	0.000 -0.866 -0.500	0.776 0.776 0.776 1.000
v372	1.172 0.743 1.996	0.000 -0.866 -0.500	0.776 0.776 0.776 1.000
v373	0.889 0.743 1.996	0.000 -0.866 -0.500	0.776 0.776 0.776 1.000
v374	0.747 0.621 2.209	0.000 -0.866 -0.500	0.776 0.776 0.776 1.000
v375	0.889 0.498 2.421	0.000 -0.866 -0.500	0.776 0.776 0.776 1.000
v376	1.615 0.626 2.200	0.000 -0.866 -0.500	0.776 0.776 0.776 1.000
v377	1.757 0.749 1.987	0.000 -0.866 -0.500	0.776 0.776 0.776 1.000
v378	1.615 0.871 1.775	0.000 -0.866 -0.500	0.776 0.776 0.776 1.000
v379	1.332 0.871 1.775	0.000 -0.866 -0.500	0.776 0.776 0.776 1.000
v380	1.191 0.749 1.987	0.000 -0.866 -0.500	0.776 0.776 0.776 1.000
v381	1.332 0.626 2.200	0.000 -0.866 -0.500	0.776 0.776 0.776 1.000
v382	1.633 0.622 2.207	0.000 0.866 0.500	0.776 0.776 0.776 1.000
v383	1.768 0.505 2.409	0.000 0.866 0.500	0.776 0.776 0.776 1.000
v384	1.903 0.622 2.206	0.000 0.866 0.500	0.776 0.776 0.776 1.000
v385	1.768 0.739 2.004	0.000 0.866 0.500	0.776 0.776 0.776 1.000
v386	0.493 -0.001 2.537	0.000 -1.000 0.000	0.400 0.404 0.420 1.000
v387	0.493 -0.001 2.537	0.000 -1.000 0.000	0.400 0.404 0.420 1.000
v388	1.170 0.243 2.863	0.000 -0.866 -0.500	0.776 0.776 0.776 1.000
v389	1.311 0.366 2.650	0.000 -0.866 -0.500	0.776 0.776 0.776 1.000
v390	1.170 0.488 2.438	0.000 -0.866 -0.500	0.776 0.776 0.776 1.000
v391	0.886 0.488 2.438	0.000 -0.866 -0.500	0.776 0.776 0.776 1.000
v392	0.745 0.366 2.651	0.000 -0.866 -0.500	0.776 0.776 0.776 1.000
v393	0.886 0.243 2.863	0.000 -0.866 -0.500	0.776 0.776 0.776 1.000
v394	1.328 0.362 2.657	0.000 0.866 0.500	0.776 0.776 0.776 1.000
v395	1.193 0.245 2.860	0.000 0.866 0.500	0.776 0.776 0.776 1.000
v396	1.464 0.245 2.860	0.000 0.866 0.500	0.776 0.776 0.776 1.000
v397	1.599 0.362 2.657	0.000 0.866 0.500	0.776 0.776 0.776 1.000
v398	0.493 -0.001 2.537	0.000 -1.000 0.000	0.400 0.404 0.420 1.000
v399	0.493 -0.001 2.537	0.000 -1.000 0.000	0.400 0.404 0.420 1.000
v400	1.613 0.371 2.641	0.000 -0.866 -0.500	0.776 0.776 0.776 1.000
v401	1.755 0.494 2.429	0.000 -0.866 -0.500	0.776 0.776 0.776 1.000
v402	1.613 0.616 2.216	0.000 -0.866 -0.500	0.776 0.776 0.776 1.000
v403	1.330 0.616 2.216	0.000 -0.866 -0.500	0.776 0.776 0.776 1.000
v404	1.188 0.494 2.429	0.000 -0.866 -0.500	0.776 0.776 0.776 1.000
v405	1.330 0.371 2.641	0.000 -0.866 -0.500	0.776 0.776 0.776 1.000
v406	0.782 0.287 2.780	-0.001 0.867 0.498	0.776 0.776 0.776 1.000
v407	0.774 0.294 2.768	-0.001 0.867 0.498	0.776 0.776 0.776 1.000
v408	1.724 0.559 2.308	-0.001 0.867 0.498	0.776 0.776 0.776 1.000
v409	1.716 0.566 2.296	-0.001 0.867 0.498	0.776 0.776 0.776 1.000
v410	0.329 0.558 2.309	0.000 0.866 0.501	0.776 0.776 0.776 1.000
v411	0.338 0.565 2.297	0.000 0.866 0.501	0.776 0.776 0.776 1.000
v412	1.273 0.287 2.780	0.000 0.866 0.501	0.776 0.776 0.776 1.000
v413	1.281 0.294 2.768	0.000 0.866 0.501	0.776 0.776 0.776 1.000
v414	0.521 0.467 2.468	0.000 0.866 0.500	0.776 0.776 0.776 1.000
v415	0.513 0.474 2.455	0.000 0.866 0.500	0.776 0.776 0.776 1.000
v416	1.463 0.740 1.996	0.000 0.866 0.500	0.776 0.776 0.776 1.000
v417	1.455 0.747 1.984	0.000 0.866 0.500	0.776 0.776 0.776 1.000
v418	1.476 0.349 2.673	-0.002 0.866 0.500	0.776 0.776 0.776 1.000
v419	1.460 0.349 2.673	-0.002 0.866 0.500	0.776 0.776 0.776 1.000
v420	1.477 0.893 1.731	-0.002 0.866 0.500	0.776 0.776 0.776 1.000
v421	1.460 0.893 1.730	-0.002 0.866 0.500	0.776 0.776 0.776 1.000
v422	0.552 0.749 1.980	-0.002 0.865 0.503	0.776 0.776 0.776 1.000
v423	0.560 0.756 1.968	-0.002 0.865 0.503	0.776 0.776 0.776 1.000
v424	1.495 0.477 2.450	-0.002 0.865 0.503	0.776 0.776 0.776 1.000
v425	1.503 0.484 2.438	-0.002 0.865 0.503	0.776 0.776 0.776 1.000
v426	1.036 0.345 2.680	0.002 0.866 0.500	0.776 0.776 0.776 1.000
v427	1.020 0.345 2.680	0.002 0.866 0.500	0.776 0.776 0.776 1.000
v428	1.036 0.889 1.738	0.002 0.866 0.500	0.776 0.776 0.776 1.000
v429	1.020 0.889 1.738	0.002 0.866 0.500	0.776 0.776 0.776 1.000
v430	0.595 0.343 2.683	0.003 0.866 0.500	0.776 0.776 0.776 1.000
v431	0.579 0.343 2.683	0.003 0.866 0.500	0.776 0.776 0.776 1.000
v432	0.595 0.887 1.741	0.003 0.866 0.500	0.776 0.776 0.776 1.000
v433	0.579 0.887 1.741	0.003 0.866 0.500	0.776 0.776 0.776 1.000
v434	0.338 0.669 2.117	-0.001 0.867 0.499	0.776 0.776 0.776 1.000
v435	0.330 0.676 2.105	-0.001 0.867 0.499	0.776 0.776 0.776 1.000
v436	1.280 0.942 1.645	-0.001 0.867 0.499	0.776 0.776 0.776 1.000
v437	1.272 0.949 1.633	-0.001 0.867 0.499	0.776 0.776 0.776 1.000
v438	0.773 0.941 1.647	-0.003 0.864 0.504	0.776 0.776 0.776 1.000
v439	0.782 0.948 1.635	-0.003 0.864 0.504	0.776 0.776 0.776 1.000
v440	1.716 0.669 2.118	-0.003 0.864 0.504	0.776 0.776 0.776 1.000
v441	1.724 0.676 2.106	-0.003 0.864 0.504	0.776 0.776 0.776 1.000
v442	2.948 0.041 2.430	0.499 0.053 0.865	0.400 0.404 0.420 1.000
v443	3.079 0.041 2.354	0.470 0.043 0.882	0.400 0.404 0.420 1.000
v444	3.079 0.041 2.203	1.000 0.000 0.000	0.400 0.404 0.420 1.000
v445	2.948 0.041 2.127	0.476 0.011 -0.879	0.400 0.404 0.420 1.000
v446	2.817 0.041 2.203	-0.474 0.011 -0.880	0.400 0.404 0.420 1.000
v447	2.817 0.041 2.354	-1.000 0.000 0.000	0.400 0.404 0.420 1.000
v448	2.948 0.499 2.402	0.470 0.043 0.882	0.400 0.404 0.420 1.000
v449	3.079 0.537 2.336	0.440 0.032 0.898	0.400 0.404 0.420 1.000
v450	3.079 0.613 2.205	1.000 0.000 0.000	0.400 0.404 0.420 1.000
v451	2.948 0.651 2.140	0.451 0.018 -0.892	0.400 0.404 0.420 1.000
v452	2.817 0.613 2.205	-0.448 0.004 -0.894	0.400 0.404 0.420 1.000
v453	2.817 0.537 2.336	-1.000 0.000 0.000	0.400 0.404 0.420 1.000
v454	3.407 0.214 2.892	0.000 -0.866 -0.500	0.776 0.776 0.776 1.000
v455	3.861 0.608 2.210	0.000 -0.866 -0.500	0.776 0.776 0.776 1.000
v456	3.407 1.002 1.528	0.000 -0.866 -0.500	0.776 0.776 0.776 1.000
v457	2.498 1.002 1.528	0.000 -0.866 -0.500	0.000 0.000 0.000 1.000
v458	2.043 0.608 2.210	0.000 -0.866 -0.500	0.000 0.000 0.000 1.000
v459	2.498 0.214 2.892	0.000 -0.866 -0.500	0.776 0.776 0.776 1.000
v460	3.396 0.229 2.879	0.000 -0.866 -0.500	0.224 0.224 0.224 1.000
v461	3.840 0.614 2.213	0.000 -0.866 -0.500	0.224 0.224 0.224 1.000
v462	3.396 0.998 1.547	0.000 -0.866 -0.500	0.224 0.224 0.224 1.000
v463	2.508 0.998 1.547	0.000 -0.866 -0.500	0.000 0.000 0.000 1.000
v464	2.064 0.614 2.213	0.000 -0.866 -0.500	0.000 0.000 0.000 1.000
v465	2.508 0.229 2.879	0.000 -0.866 -0.500	0.224 0.224 0.224 1.000
v466	3.576 0.626 2.217	0.000 0.866 0.500	0.039 0.016 0.420 1.000
v467	3.690 0.527 2.388	0.000 0.866 0.500	0.039 0.016 0.420 1.000
v468	3.804 0.625 2.218	0.000 0.866 0.500	0.039 0.016 0.420 1.000
v469	3.689 0.724 2.046	0.000 0.866 0.500	0.039 0.016 0.420 1.000
v470	0.493 -0.001 2.537	0.000 -1.000 0.000	0.400 0.404 0.420 1.000
v471	0.493 -0.001 2.537	0.000 -1.000 0.000	0.400 0.404 0.420 1.000
v472	3.260 0.356 2.684	0.000 0.866 0.500	0.039 0.016 0.420 1.000
v473	3.146 0.257 2.856	0.000 0.866 0.500	0.039 0.016 0.420 1.000
v474	3.373 0.257 2.856	0.000 0.866 0.500	0.039 0.016 0.420 1.000
v475	3.488 0.356 2.684	0.000 0.866 0.500	0.039 0.016 0.420 1.000
v476	0.493 -0.001 2.537	0.000 -1.000 0.000	0.400 0.404 0.420 1.000
v477	0.493 -0.001 2.537	0.000 -1.000 0.000	0.400 0.404 0.420 1.000
v478	3.524 0.384 2.635	0.000 -0.866 -0.500	0.039 0.016 0.420 1.000
v479	3.655 0.498 2.439	0.000 -0.866 -0.500	0.039 0.016 0.420 1.000
v480	3.524 0.611 2.243	0.000 -0.866 -0.500	0.039 0.016 0.420 1.000
v481	3.262 0.611 2.243	0.000 -0.866 -0.500	0.039 0.016 0.420 1.000
v482	3.131 0.497 2.439	0.000 -0.866 -0.500	0.039 0.016 0.420 1.000
v483	3.262 0.384 2.635	0.000 -0.866 -0.500	0.039 0.016 0.420 1.000
v484	3.526 0.639 2.194	0.000 -0.866 -0.500	0.039 0.016 0.420 1.000
v485	3.657 0.752 1.998	0.000 -0.866 -0.500	0.039 0.016 0.420 1.000
v486	3.526 0.866 1.801	0.000 -0.866 -0.500	0.039 0.016 0.420 1.000
v487	3.264 0.866 1.801	0.000 -0.866 -0.500	0.039 0.016 0.420 1.000
v488	3.133 0.752 1.997	0.000 -0.866 -0.500	0.039 0.016 0.420 1.000
v489	3.264 0.639 2.194	0.000 -0.866 -0.500	0.039 0.016 0.420 1.000
v490	3.083 0.511 2.416	0.000 -0.866 -0.500	0.039 0.016 0.420 1.000
v491	3.214 0.624 2.219	0.000 -0.866 -0.500	0.039 0.016 0.420 1.000
v492	3.083 0.738 2.023	0.000 -0.866 -0.500	0.039 0.016 0.420 1.000
v493	2.821 0.738 2.023	0.000 -0.866 -0.500	0.039 0.016 0.420 1.000
v494	2.690 0.624 2.219	0.000 -0.866 -0.500	0.039 0.016 0.420 1.000
v495	2.821 0.511 2.416	0.000 -0.866 -0.500	0.039 0.016 0.420 1.000
v496	3.080 0.256 2.857	0.000 -0.866 -0.500	0.039 0.016 0.420 1.000
v497	3.211 0.370 2.661	0.000 -0.866 -0.500	0.039 0.016 0.420 1.000
v498	3.080 0.483 2.464	0.000 -0.866 -0.500	0.039 0.016 0.420 1.000
v499	2.818 0.483 2.464	0.000 -0.866 -0.500	0.039 0.016 0.420 1.000
v500	2.687 0.369 2.661	0.000 -0.866 -0.500	0.039 0.016 0.420 1.000
v501	2.818 0.256 2.857	0.000 -0.866 -0.500	0.039 0.016 0.420 1.000
v502	2.642 0.355 2.685	0.000 0.866 0.500	0.039 0.016 0.420 1.000
v503	2.413 0.355 2.685	0.000 0.866 0.500	0.039 0.016 0.420 1.000
v504	2.527 0.257 2.856	0.000 0.866 0.500	0.039 0.016 0.420 1.000
v505	2.755 0.257 2.856	0.000 0.866 0.500	0.039 0.016 0.420 1.000
v506	0.493 -0.001 2.537	0.000 -1.000 0.000	0.400 0.404 0.420 1.000
v507	0.493 -0.001 2.537	0.000 -1.000 0.000	0.400 0.404 0.420 1.000
v508	2.646 0.385 2.634	0.000 -0.866 -0.500	0.039 0.016 0.420 1.000
v509	2.777 0.498 2.438	0.000 -0.866 -0.500	0.039 0.016 0.420 1.000
v510	2.646 0.612 2.241	0.000 -0.866 -0.500	0.039 0.016 0.420 1.000
v511	2.384 0.612 2.241	0.000 -0.866 -0.500	0.039 0.016 0.420 1.000
v512	2.253 0.498 2.438	0.000 -0.866 -0.500	0.039 0.016 0.420 1.000
v513	2.384 0.385 2.634	0.000 -0.866 -0.500	0.039 0.016 0.420 1.000
v514	2.332 0.627 2.215	0.000 0.866 0.500	0.039 0.016 0.420 1.000
v515	2.217 0.726 2.043	0.000 0.866 0.500	0.039 0.016 0.420 1.000
v516	2.104 0.627 2.214	0.000 0.866 0.500	0.039 0.016 0.420 1.000
v517	2.218 0.528 2.386	0.000 0.866 0.500	0.039 0.016 0.420 1.000
v518	0.493 -0.001 2.537	0.000 -1.000 0.000	0.400 0.404 0.420 1.000
v519	0.493 -0.001 2.537	0.000 -1.000 0.000	0.400 0.404 0.420 1.000
v520	2.638 0.639 2.195	0.000 -0.866 -0.500	0.039 0.016 0.420 1.000
v521	2.769 0.752 1.998	0.000 -0.866 -0.500	0.039 0.016 0.420 1.000
v522	2.638 0.865 1.802	0.000 -0.866 -0.500	0.039 0.016 0.420 1.000
v523	2.376 0.865 1.802	0.000 -0.866 -0.500	0.039 0.016 0.420 1.000
v524	2.245 0.752 1.998	0.000 -0.866 -0.500	0.039 0.016 0.420 1.000
v525	2.376 0.639 2.195	0.000 -0.866 -0.500	0.039 0.016 0.420 1.000
v526	2.642 0.894 1.752	0.000 0.866 0.500	0.039 0.016 0.420 1.000
v527	2.756 0.993 1.581	0.000 0.866 0.500	0.039 0.016 0.420 1.000
v528	2.529 0.993 1.581	0.000 0.866 0.500	0.039 0.016 0.420 1.000
v529	2.414 0.894 1.752	0.000 0.866 0.500	0.039 0.016 0.420 1.000
v530	0.493 -0.001 2.537	0.000 -1.000 0.000	0.400 0.404 0.420 1.000
v531	0.493 -0.001 2.537	0.000 -1.000 0.000	0.400 0.404 0.420 1.000
v532	3.265 0.894 1.752	0.000 0.866 0.500	0.039 0.016 0.420 1.000
v533	3.494 0.894 1.752	0.000 0.866 0.500	0.039 0.016 0.420 1.000
v534	3.380 0.993 1.581	0.000 0.866 0.500	0.039 0.016 0.420 1.000
v535	3.151 0.993 1.581	0.000 0.866 0.500	0.039 0.016 0.420 1.000
v536	0.493 -0.001 2.537	0.000 -1.000 0.000	0.400 0.404 0.420 1.000
v537	0.493 -0.001 2.537	0.000 -1.000 0.000	0.400 0.404 0.420 1.000
v538	3.080 0.767 1.973	0.000 -0.866 -0.500	0.039 0.016 0.420 1.000
v539	3.211 0.880 1.776	0.000 -0.866 -0.500	0.039 0.016 0.420 1.000
v540	3.080 0.994 1.580	0.000 -0.866 -0.500	0.039 0.016 0.420 1.000
v541	2.818 0.994 1.580	0.000 -0.866 -0.500	0.039 0.016 0.420 1.000
v542	2.687 0.880 1.776	0.000 -0.866 -0.500	0.039 0.016 0.420 1.000
v543	2.818 0.767 1.973	0.000 -0.866 -0.500	0.039 0.016 0.420 1.000
v544	3.254 0.881 1.766	0.000 0.866 0.500	0.776 0.776 0.776 1.000
v545	3.524 0.881 1.766	0.000 0.866 0.500	0.776 0.776 0.776 1.000
v546	3.389 0.998 1.563	0.000 0.866 0.500	0.776 0.776 0.776 1.000
v547	3.119 0.998 1.563	0.000 0.866 0.500	0.776 0.776 0.776 1.000
v548	0.493 -0.001 2.537	0.000 -1.000 0.000	0.400 0.404 0.420 1.000
v549	0.493 -0.001 2.537	0.000 -1.000 0.000	0.400 0.404 0.420 1.000
v550	3.091 0.754 1.987	0.000 -0.866 -0.500	0.776 0.776 0.776 1.000
v551	3.232 0.877 1.774	0.000 -0.866 -0.500	0.776 0.776 0.776 1.000
v552	3.091 0.999 1.562	0.000 -0.866 -0.500	0.776 0.776 0.776 1.000
v553	2.807 0.999 1.562	0.000 -0.866 -0.500	0.776 0.776 0.776 1.000
v554	2.666 0.877 1.774	0.000 -0.866 -0.500	0.776 0.776 0.776 1.000
v555	2.807 0.754 1.987	0.000 -0.866 -0.500	0.776 0.776 0.776 1.000
v556	2.653 0.881 1.766	0.000 0.866 0.500	0.776 0.776 0.776 1.000
v557	2.788 0.998 1.564	0.000 0.866 0.500	0.776 0.776 0.776 1.000
v558	2.517 0.998 1.564	0.000 0.866 0.500	0.776 0.776 0.776 1.000
v559	2.382 0.881 1.766	0.000 0.866 0.500	0.776 0.776 0.776 1.000
v560	0.493 -0.001 2.537	0.000 -1.000 0.000	0.400 0.404 0.420 1.000
v561	0.493 -0.001 2.537	0.000 -1.000 0.000	0.400 0.404 0.420 1.000
v562	2.649 0.626 2.208	0.000 -0.866 -0.500	0.776 0.776 0.776 1.000
v563	2.790 0.748 1.996	0.000 -0.866 -0.500	0.776 0.776 0.776 1.000
v564	2.649 0.871 1.784	0.000 -0.866 -0.500	0.776 0.776 0.776 1.000
v565	2.366 0.871 1.784	0.000 -0.866 -0.500	0.776 0.776 0.776 1.000
v566	2.224 0.748 1.996	0.000 -0.866 -0.500	0.776 0.776 0.776 1.000
v567	2.366 0.626 2.208	0.000 -0.866 -0.500	0.776 0.776 0.776 1.000
v568	2.354 0.623 2.213	0.000 0.866 0.500	0.776 0.776 0.776 1.000
v569	2.219 0.740 2.010	0.000 0.866 0.500	0.776 0.776 0.776 1.000
v570	2.084 0.623 2.213	0.000 0.866 0.500	0.776 0.776 0.776 1.000
v571	2.219 0.506 2.416	0.000 0.866 0.500	0.776 0.776 0.776 1.000
v572	0.493 -0.001 2.537	0.000 -1.000 0.000	0.400 0.404 0.420 1.000
v573	0.493 -0.001 2.537	0.000 -1.000 0.000	0.400 0.404 0.420 1.000
v574	2.656 0.372 2.648	0.000 -0.866 -0.500	0.776 0.776 0.776 1.000
v575	2.798 0.494 2.436	0.000 -0.866 -0.500	0.776 0.776 0.776 1.000
v576	2.656 0.617 2.223	0.000 -0.866 -0.500	0.776 0.776 0.776 1.000
v577	2.373 0.617 2.223	0.000 -0.866 -0.500	0.776 0.776 0.776 1.000
v578	2.231 0.494 2.436	0.000 -0.866 -0.500	0.776 0.776 0.776 1.000
v579	2.373 0.372 2.648	0.000 -0.866 -0.500	0.776 0.776 0.776 1.000
v580	2.652 0.361 2.667	0.000 0.866 0.500	0.776 0.776 0.776 1.000
v581	2.382 0.361 2.667	0.000 0.866 0.500	0.776 0.776 0.776 1.000
v582	2.518 0.244 2.870	0.000 0.866 0.500	0.776 0.776 0.776 1.000
v583	2.788 0.244 2.870	0.000 0.866 0.500	0.776 0.776 0.776 1.000
v584	0.493 -0.001 2.537	0.000 -1.000 0.000	0.400 0.404 0.420 1.000
v585	0.493 -0.001 2.537	0.000 -1.000 0.000	0.400 0.404 0.420 1.000
v586	3.093 0.498 2.430	0.000 -0.866 -0.500	0.776 0.776 0.776 1.000
v587	3.235 0.621 2.217	0.000 -0.866 -0.500	0.776 0.776 0.776 1.000
v588	3.093 0.743 2.005	0.000 -0.866 -0.500	0.776 0.776 0.776 1.000
v589	2.810 0.743 2.005	0.000 -0.866 -0.500	0.776 0.776 0.776 1.000
v590	2.668 0.621 2.217	0.000 -0.866 -0.500	0.776 0.776 0.776 1.000
v591	2.810 0.498 2.430	0.000 -0.866 -0.500	0.776 0.776 0.776 1.000
v592	3.536 0.626 2.208	0.000 -0.866 -0.500	0.776 0.776 0.776 1.000
v593	3.678 0.749 1.996	0.000 -0.866 -0.500	0.776 0.776 0.776 1.000
v594	3.536 0.871 1.783	0.000 -0.866 -0.500	0.776 0.776 0.776 1.000
v595	3.253 0.871 1.783	0.000 -0.866 -0.500	0.776 0.776 0.776 1.000
v596	3.112 0.749 1.996	0.000 -0.866 -0.500	0.776 0.776 0.776 1.000
v597	3.253 0.626 2.208	0.000 -0.866 -0.500	0.776 0.776 0.776 1.000
v598	3.554 0.622 2.215	0.000 0.866 0.500	0.776 0.776 0.776 1.000
v599	3.689 0.505 2.417	0.000 0.866 0.500	0.776 0.776 0.776 1.000
v600	3.824 0.622 2.214	0.000 0.866 0.500	0.776 0.776 0.776 1.000
v601	3.689 0.739 2.012	0.000 0.866 0.500	0.776 0.776 0.776 1.000
v602	0.493 -0.001 2.537	0.000 -1.000 0.000	0.400 0.404 0.420 1.000
v603	0.493 -0.001 2.537	0.000 -1.000 0.000	0.400 0.404 0.420 1.000
v604	3.091 0.243 2.871	0.000 -0.866 -0.500	0.776 0.776 0.776 1.000
v605	3.232 0.366 2.659	0.000 -0.866 -0.500	0.776 0.776 0.776 1.000
v606	3.091 0.489 2.446	0.000 -0.866 -0.500	0.776 0.776 0.776 1.000
v607	2.807 0.489 2.446	0.000 -0.866 -0.500	0.776 0.776 0.776 1.000
v608	2.666 0.366 2.659	0.000 -0.866 -0.500	0.776 0.776 0.776 1.000
v609	2.807 0.243 2.871	0.000 -0.866 -0.500	0.776 0.776 0.776 1.000
v610	3.249 0.362 2.666	0.000 0.866 0.500	0.776 0.776 0.776 1.000
v611	3.114 0.245 2.868	0.000 0.866 0.500	0.776 0.776 0.776 1.000
v612	3.385 0.245 2.868	0.000 0.866 0.500	0.776 0.776 0.776 1.000
v613	3.520 0.362 2.666	0.000 0.866 0.500	0.776 0.776 0.776 1.000
v614	0.493 -0.001 2.537	0.000 -1.000 0.000	0.400 0.404 0.420 1.000
v615	0.493 -0.001 2.537	0.000 -1.000 0.000	0.400 0.404 0.420 1.000
v616	3.534 0.371 2.650	0.000 -0.866 -0.500	0.776 0.776 0.776 1.000
v617	3.676 0.494 2.437	0.000 -0.866 -0.500	0.776 0.776 0.776 1.000
v618	3.534 0.616 2.225	0.000 -0.866 -0.500	0.776 0.776 0.776 1.000
v619	3.251 0.616 2.225	0.000 -0.866 -0.500	0.776 0.776 0.776 1.000
v620	3.109 0.494 2.437	0.000 -0.866 -0.500	0.776 0.776 0.776 1.000
v621	3.251 0.371 2.650	0.000 -0.866 -0.500	0.776 0.776 0.776 1.000
v622	2.703 0.287 2.788	-0.001 0.867 0.498	0.776 0.776 0.776 1.000
v623	2.695 0.294 2.776	-0.001 0.867 0.498	0.776 0.776 0.776 1.000
v624	3.645 0.559 2.316	-0.001 0.867 0.498	0.776 0.776 0.776 1.000
v625	3.637 0.566 2.304	-0.001 0.867 0.498	0.776 0.776 0.776 1.000
v626	2.250 0.558 2.318	0.000 0.866 0.500	0.776 0.776 0.776 1.000
v627	2.258 0.565 2.306	0.000 0.866 0.500	0.776 0.776 0.776 1.000
v628	3.193 0.287 2.789	0.000 0.866 0.500	0.776 0.776 0.776 1.000
v629	3.201 0.294 2.777	0.000 0.866 0.500	0.776 0.776 0.776 1.000
v630	2.442 0.467 2.476	0.000 0.866 0.501	0.776 0.776 0.776 1.000
v631	2.434 0.474 2.464	0.000 0.866 0.501	0.776 0.776 0.776 1.000
v632	3.384 0.740 2.004	0.000 0.866 0.501	0.776 0.776 0.776 1.000
v633	3.376 0.747 1.992	0.000 0.866 0.501	0.776 0.776 0.776 1.000
v634	3.397 0.349 2.682	-0.001 0.866 0.500	0.776 0.776 0.776 1.000
v635	3.381 0.349 2.682	-0.001 0.866 0.500	0.776 0.776 0.776 1.000
v636	3.398 0.893 1.739	-0.001 0.866 0.500	0.776 0.776 0.776 1.000
v637	3.381 0.893 1.739	-0.001 0.866 0.500	0.776 0.776 0.776 1.000
v638	2.473 0.749 1.988	-0.001 0.866 0.501	0.776 0.776 0.776 1.000
v639	2.481 0.756 1.976	-0.001 0.866 0.501	0.776 0.776 0.776 1.000
v640	3.416 0.477 2.459	-0.001 0.866 0.501	0.776 0.776 0.776 1.000
v641	3.424 0.484 2.447	-0.001 0.866 0.501	0.776 0.776 0.776 1.000
v642	2.957 0.345 2.689	0.005 0.866 0.500	0.776 0.776 0.776 1.000
v643	2.941 0.345 2.689	0.005 0.866 0.500	0.776 0.776 0.776 1.000
v644	2.957 0.889 1.746	0.005 0.866 0.500	0.776 0.776 0.776 1.000
v645	2.941 0.889 1.746	0.005 0.866 0.500	0.776 0.776 0.776 1.000
v646	2.516 0.343 2.692	0.006 0.866 0.500	0.776 0.776 0.776 1.000
v647	2.499 0.343 2.692	0.006 0.866 0.500	0.776 0.776 0.776 1.000
v648	2.516 0.887 1.749	0.006 0.866 0.500	0.776 0.776 0.776 1.000
v649	2.500 0.887 1.749	0.006 0.866 0.500	0.776 0.776 0.776 1.000
v650	2.259 0.669 2.126	-0.002 0.868 0.497	0.776 0.776 0.776 1.000
v651	2.251 0.676 2.114	-0.002 0.868 0.497	0.776 0.776 0.776 1.000
v652	3.201 0.942 1.654	-0.002 0.868 0.497	0.776 0.776 0.776 1.000
v653	3.193 0.949 1.642	-0.002 0.868 0.497	0.776 0.776 0.776 1.000
v654	2.694 0.941 1.656	-0.005 0.862 0.507	0.776 0.776 0.776 1.000
v655	2.702 0.948 1.643	-0.005 0.862 0.507	0.776 0.776 0.776 1.000
v656	3.637 0.669 2.126	-0.005 0.862 0.507	0.776 0.776 0.776 1.000
v657	3.645 0.676 2.114	-0.005 0.862 0.507	0.776 0.776 0.776 1.000
v658	3.413 0.046 2.506	0.587 0.703 -0.401	0.400 0.404 0.420 1.000
v659	3.344 0.085 2.478	0.568 0.726 -0.388	0.400 0.404 0.420 1.000
v660	1.987 0.046 0.418	-0.625 0.655 -0.426	0.400 0.404 0.420 1.000
v661	1.981 0.085 0.482	-0.645 0.628 -0.436	0.400 0.404 0.420 1.000
v662	0.638 0.085 2.468	-0.608 0.679 -0.412	0.400 0.404 0.420 1.000
v663	0.563 0.046 2.505	-0.596 0.692 -0.407	0.400 0.404 0.420 1.000
v664	3.344 0.085 2.478	0.014 1.000 0.009	0.400 0.404 0.420 1.000
v665	1.981 0.085 0.482	0.000 1.000 -0.019	0.400 0.404 0.420 1.000
v666	1.987 0.046 0.418	-0.625 0.655 -0.426	0.400 0.404 0.420 1.000
v667	0.563 0.046 2.505	-0.596 0.692 -0.407	0.400 0.404 0.420 1.000
v668	0.493 -0.001 2.537	-0.641 0.630 -0.438	0.400 0.404 0.420 1.000
v669	1.988 -0.001 0.355	-0.658 0.603 -0.451	0.400 0.404 0.420 1.000
v670	3.413 0.046 2.506	0.000 0.570 0.822	0.400 0.404 0.420 1.000
v671	0.493 -0.001 2.537	0.000 0.562 0.827	0.400 0.404 0.420 1.000
v672	0.563 0.046 2.505	-0.001 0.614 0.789	0.400 0.404 0.420 1.000
v673	3.483 -0.001 2.537	0.000 0.556 0.831	0.400 0.404 0.420 1.000
v674	3.483 -0.001 2.537	0.637 0.636 -0.435	0.400 0.404 0.420 1.000
v675	3.413 0.046 2.506	0.587 0.703 -0.401	0.400 0.404 0.420 1.000
v676	1.987 0.046 0.418	0.615 0.667 -0.420	0.400 0.404 0.420 1.000
v677	1.988 -0.001 0.355	0.650 0.616 -0.445	0.400 0.404 0.420 1.000
v678	1.988 0.110 1.809	0.000 1.000 0.000	0.063 0.063 0.067 1.000
v679	0.638 0.085 2.468	-0.014 1.000 0.010	0.400 0.404 0.420 1.000
v680	1.981 0.085 0.482	0.000 1.000 -0.019	0.400 0.404 0.420 1.000
v681	1.988 0.110 1.809	0.000 1.000 0.000	0.063 0.063 0.067 1.000
v682	2.118 0.041 0.964	1.000 0.000 0.000	0.400 0.404 0.420 1.000
v683	2.118 0.537 0.946	1.000 0.000 0.000	0.400 0.404 0.420 1.000
v684	2.118 0.613 0.815	0.476 0.011 -0.879	0.400 0.404 0.420 1.000
v685	2.118 0.041 0.812	0.500 0.004 -0.866	0.400 0.404 0.420 1.000
v686	1.987 0.651 0.749	-0.474 0.011 -0.880	0.400 0.404 0.420 1.000
v687	1.987 0.041 0.737	-0.500 0.018 -0.866	0.400 0.404 0.420 1.000
v688	1.856 0.041 0.812	-1.000 0.000 0.000	0.400 0.404 0.420 1.000
v689	1.856 0.613 0.815	-1.000 0.000 0.000	0.400 0.404 0.420 1.000
v690	1.987 0.041 1.040	-0.467 0.043 0.883	0.400 0.404 0.420 1.000
v691	1.856 0.041 0.964	-0.500 0.031 0.866	0.400 0.404 0.420 1.000
v692	1.856 0.537 0.946	-0.467 0.043 0.883	0.400 0.404 0.420 1.000
v693	1.987 0.499 1.012	-0.434 0.055 0.899	0.400 0.404 0.420 1.000
v694	1.856 0.537 0.946	0.000 0.866 0.500	0.400 0.404 0.420 1.000
v695	2.118 0.537 0.946	0.000 0.866 0.500	0.400 0.404 0.420 1.000
v696	1.987 0.499 1.012	0.000 0.866 0.500	0.400 0.404 0.420 1.000
v697	2.118 0.613 0.815	0.000 0.866 0.500	0.400 0.404 0.420 1.000
v698	1.856 0.613 0.815	0.000 0.866 0.500	0.400 0.404 0.420 1.000
v699	1.987 0.651 0.749	0.000 0.866 0.500	0.400 0.404 0.420 1.000
v700	1.856 0.041 0.964	0.000 -1.000 0.000	0.400 0.404 0.420 1.000
v701	1.987 0.041 1.040	0.000 -1.000 0.000	0.400 0.404 0.420 1.000
v702	2.118 0.041 0.964	0.000 -1.000 0.000	0.400 0.404 0.420 1.000
v703	2.118 0.041 0.812	0.000 -1.000 0.000	0.400 0.404 0.420 1.000
v704	1.856 0.041 0.812	0.000 -1.000 0.000	0.400 0.404 0.420 1.000
v705	1.987 0.041 0.737	0.000 -1.000 0.000	0.400 0.404 0.420 1.000
v706	2.900 0.608 0.820	0.000 0.866 0.500	0.776 0.776 0.776 1.000
v707	2.446 0.214 1.502	0.000 0.866 0.500	0.776 0.776 0.776 1.000
v708	1.537 0.214 1.502	0.000 0.866 0.500	0.776 0.776 0.776 1.000
v709	1.082 0.608 0.820	0.000 0.866 0.500	0.000 0.000 0.000 1.000
v710	2.446 1.002 0.138	0.000 0.866 0.500	0.776 0.776 0.776 1.000
v711	1.537 1.002 0.138	0.000 0.866 0.500	0.000 0.000 0.000 1.000
v712	2.879 0.614 0.822	0.000 0.866 0.500	0.224 0.224 0.224 1.000
v713	2.435 0.229 1.489	0.000 0.866 0.500	0.224 0.224 0.224 1.000
v714	1.547 0.229 1.489	0.000 0.866 0.500	0.224 0.224 0.224 1.000
v715	1.103 0.614 0.822	0.000 0.866 0.500	0.000 0.000 0.000 1.000
v716	2.435 0.998 0.156	0.000 0.866 0.500	0.224 0.224 0.224 1.000
v717	1.547 0.998 0.156	0.000 0.866 0.500	0.000 0.000 0.000 1.000
v718	2.614 0.626 0.826	0.000 -0.866 -0.500	0.039 0.016 0.420 1.000
v719	2.729 0.527 0.998	0.000 -0.866 -0.500	0.039 0.016 0.420 1.000
v720	2.843 0.625 0.827	0.000 -0.866 -0.500	0.039 0.016 0.420 1.000
v721	2.728 0.724 0.656	0.000 -0.866 -0.500	0.039 0.016 0.420 1.000
v722	2.527 0.356 1.294	0.000 -0.866 -0.500	0.039 0.016 0.420 1.000
v723	2.185 0.257 1.465	0.000 -0.866 -0.500	0.039 0.016 0.420 1.000
v724	2.412 0.257 1.466	0.000 -0.866 -0.500	0.039 0.016 0.420 1.000
v725	2.299 0.356 1.294	0.000 -0.866 -0.500	0.039 0.016 0.420 1.000
v726	2.694 0.498 1.049	0.000 0.866 0.500	0.039 0.016 0.420 1.000
v727	2.563 0.384 1.245	0.000 0.866 0.500	0.039 0.016 0.420 1.000
v728	2.301 0.384 1.245	0.000 0.866 0.500	0.039 0.016 0.420 1.000
v729	2.170 0.497 1.049	0.000 0.866 0.500	0.039 0.016 0.420 1.000
v730	2.563 0.611 0.852	0.000 0.866 0.500	0.039 0.016 0.420 1.000
v731	2.301 0.611 0.852	0.000 0.866 0.500	0.039 0.016 0.420 1.000
v732	2.696 0.752 0.607	0.000 0.866 0.500	0.039 0.016 0.420 1.000
v733	2.565 0.639 0.804	0.000 0.866 0.500	0.039 0.016 0.420 1.000
v734	2.303 0.639 0.804	0.000 0.866 0.500	0.039 0.016 0.420 1.000
v735	2.172 0.752 0.607	0.000 0.866 0.500	0.039 0.016 0.420 1.000
v736	2.565 0.866 0.411	0.000 0.866 0.500	0.039 0.016 0.420 1.000
v737	2.303 0.866 0.411	0.000 0.866 0.500	0.039 0.016 0.420 1.000
v738	2.253 0.624 0.829	0.000 0.866 0.500	0.039 0.016 0.420 1.000
v739	2.122 0.511 1.025	0.000 0.866 0.500	0.039 0.016 0.420 1.000
v740	1.860 0.511 1.025	0.000 0.866 0.500	0.039 0.016 0.420 1.000
v741	1.729 0.624 0.829	0.000 0.866 0.500	0.039 0.016 0.420 1.000
v742	2.122 0.738 0.632	0.000 0.866 0.500	0.039 0.016 0.420 1.000
v743	1.860 0.738 0.632	0.000 0.866 0.500	0.039 0.016 0.420 1.000
v744	2.250 0.370 1.271	0.000 0.866 0.500	0.039 0.016 0.420 1.000
v745	2.119 0.256 1.467	0.000 0.866 0.500	0.039 0.016 0.420 1.000
v746	1.857 0.256 1.467	0.000 0.866 0.500	0.039 0.016 0.420 1.000
v747	1.726 0.369 1.271	0.000 0.866 0.500	0.039 0.016 0.420 1.000
v748	2.119 0.483 1.074	0.000 0.866 0.500	0.039 0.016 0.420 1.000
v749	1.857 0.483 1.074	0.000 0.866 0.500	0.039 0.016 0.420 1.000
v750	1.681 0.355 1.295	0.000 -0.866 -0.500	0.039 0.016 0.420 1.000
v751	1.565 0.257 1.466	0.000 -0.866 -0.500	0.039 0.016 0.420 1.000
v752	1.794 0.257 1.466	0.000 -0.866 -0.500	0.039 0.016 0.420 1.000
v753	1.452 0.355 1.295	0.000 -0.866 -0.500	0.039 0.016 0.420 1.000
v754	1.815 0.498 1.047	0.000 0.866 0.500	0.039 0.016 0.420 1.000
v755	1.684 0.385 1.244	0.000 0.866 0.500	0.039 0.016 0.420 1.000
v756	1.423 0.385 1.244	0.000 0.866 0.500	0.039 0.016 0.420 1.000
v757	1.292 0.498 1.047	0.000 0.866 0.500	0.039 0.016 0.420 1.000
v758	1.685 0.612 0.851	0.000 0.866 0.500	0.039 0.016 0.420 1.000
v759	1.423 0.612 0.851	0.000 0.866 0.500	0.039 0.016 0.420 1.000
v760	1.143 0.627 0.824	0.000 -0.866 -0.500	0.039 0.016 0.420 1.000
v761	1.257 0.528 0.995	0.000 -0.866 -0.500	0.039 0.016 0.420 1.000
v762	1.371 0.627 0.825	0.000 -0.866 -0.500	0.039 0.016 0.420 1.000
v763	1.256 0.726 0.653	0.000 -0.866 -0.500	0.039 0.016 0.420 1.000
v764	1.284 0.752 0.608	0.000 0.866 0.500	0.039 0.016 0.420 1.000
v765	1.677 0.639 0.804	0.000 0.866 0.500	0.039 0.016 0.420 1.000
v766	1.415 0.638 0.805	0.000 0.866 0.500	0.039 0.016 0.420 1.000
v767	1.808 0.752 0.608	0.000 0.866 0.500	0.039 0.016 0.420 1.000
v768	1.415 0.865 0.412	0.000 0.866 0.500	0.039 0.016 0.420 1.000
v769	1.677 0.865 0.412	0.000 0.866 0.500	0.039 0.016 0.420 1.000
v770	1.567 0.993 0.190	0.000 -0.866 -0.500	0.039 0.016 0.420 1.000
v771	1.453 0.894 0.362	0.000 -0.866 -0.500	0.039 0.016 0.420 1.000
v772	1.680 0.894 0.362	0.000 -0.866 -0.500	0.039 0.016 0.420 1.000
v773	1.795 0.993 0.190	0.000 -0.866 -0.500	0.039 0.016 0.420 1.000
v774	2.190 0.993 0.191	0.000 -0.866 -0.500	0.039 0.016 0.420 1.000
v775	2.304 0.894 0.361	0.000 -0.866 -0.500	0.039 0.016 0.420 1.000
v776	2.533 0.894 0.361	0.000 -0.866 -0.500	0.039 0.016 0.420 1.000
v777	2.419 0.993 0.191	0.000 -0.866 -0.500	0.039 0.016 0.420 1.000
v778	1.726 0.880 0.386	0.000 0.866 0.500	0.039 0.016 0.420 1.000
v779	2.119 0.767 0.582	0.000 0.866 0.500	0.039 0.016 0.420 1.000
v780	1.857 0.767 0.582	0.000 0.866 0.500	0.039 0.016 0.420 1.000
v781	2.250 0.880 0.386	0.000 0.866 0.500	0.039 0.016 0.420 1.000
v782	1.857 0.994 0.190	0.000 0.866 0.500	0.039 0.016 0.420 1.000
v783	2.119 0.994 0.190	0.000 0.866 0.500	0.039 0.016 0.420 1.000
v784	2.428 0.998 0.173	0.000 -0.866 -0.500	0.776 0.776 0.776 1.000
v785	2.293 0.881 0.376	0.000 -0.866 -0.500	0.776 0.776 0.776 1.000
v786	2.563 0.881 0.376	0.000 -0.866 -0.500	0.776 0.776 0.776 1.000
v787	2.158 0.998 0.173	0.000 -0.866 -0.500	0.776 0.776 0.776 1.000
v788	2.271 0.877 0.384	0.000 0.866 0.500	0.776 0.776 0.776 1.000
v789	2.130 0.754 0.596	0.000 0.866 0.500	0.776 0.776 0.776 1.000
v790	1.846 0.754 0.596	0.000 0.866 0.500	0.776 0.776 0.776 1.000
v791	1.705 0.877 0.384	0.000 0.866 0.500	0.776 0.776 0.776 1.000
v792	2.130 0.999 0.172	0.000 0.866 0.500	0.776 0.776 0.776 1.000
v793	1.846 0.999 0.172	0.000 0.866 0.500	0.776 0.776 0.776 1.000
v794	1.827 0.998 0.173	0.000 -0.866 -0.500	0.776 0.776 0.776 1.000
v795	1.421 0.881 0.376	0.000 -0.866 -0.500	0.776 0.776 0.776 1.000
v796	1.692 0.881 0.376	0.000 -0.866 -0.500	0.776 0.776 0.776 1.000
v797	1.556 0.998 0.173	0.000 -0.866 -0.500	0.776 0.776 0.776 1.000
v798	1.829 0.748 0.606	0.000 0.866 0.500	0.776 0.776 0.776 1.000
v799	1.688 0.626 0.818	0.000 0.866 0.500	0.776 0.776 0.776 1.000
v800	1.404 0.626 0.818	0.000 0.866 0.500	0.776 0.776 0.776 1.000
v801	1.263 0.748 0.606	0.000 0.866 0.500	0.776 0.776 0.776 1.000
v802	1.688 0.871 0.393	0.000 0.866 0.500	0.776 0.776 0.776 1.000
v803	1.404 0.871 0.393	0.000 0.866 0.500	0.776 0.776 0.776 1.000
v804	1.393 0.623 0.822	0.000 -0.866 -0.500	0.776 0.776 0.776 1.000
v805	1.122 0.623 0.823	0.000 -0.866 -0.500	0.776 0.776 0.776 1.000
v806	1.257 0.506 1.025	0.000 -0.866 -0.500	0.776 0.776 0.776 1.000
v807	1.258 0.740 0.620	0.000 -0.866 -0.500	0.776 0.776 0.776 1.000
v808	1.836 0.494 1.046	0.000 0.866 0.500	0.776 0.776 0.776 1.000
v809	1.695 0.372 1.258	0.000 0.866 0.500	0.776 0.776 0.776 1.000
v810	1.412 0.372 1.258	0.000 0.866 0.500	0.776 0.776 0.776 1.000
v811	1.270 0.494 1.046	0.000 0.866 0.500	0.776 0.776 0.776 1.000
v812	1.695 0.617 0.833	0.000 0.866 0.500	0.776 0.776 0.776 1.000
v813	1.412 0.617 0.833	0.000 0.866 0.500	0.776 0.776 0.776 1.000
v814	1.691 0.361 1.277	0.000 -0.866 -0.500	0.776 0.776 0.776 1.000
v815	1.557 0.244 1.479	0.000 -0.866 -0.500	0.776 0.776 0.776 1.000
v816	1.827 0.244 1.479	0.000 -0.866 -0.500	0.776 0.776 0.776 1.000
v817	1.421 0.361 1.277	0.000 -0.866 -0.500	0.776 0.776 0.776 1.000
v818	1.707 0.621 0.827	0.000 0.866 0.500	0.776 0.776 0.776 1.000
v819	2.132 0.498 1.039	0.000 0.866 0.500	0.776 0.776 0.776 1.000
v820	1.849 0.498 1.039	0.000 0.866 0.500	0.776 0.776 0.776 1.000
v821	2.274 0.621 0.827	0.000 0.866 0.500	0.776 0.776 0.776 1.000
v822	1.849 0.743 0.614	0.000 0.866 0.500	0.776 0.776 0.776 1.000
v823	2.132 0.743 0.614	0.000 0.866 0.500	0.776 0.776 0.776 1.000
v824	2.717 0.749 0.605	0.000 0.866 0.500	0.776 0.776 0.776 1.000
v825	2.575 0.626 0.818	0.000 0.866 0.500	0.776 0.776 0.776 1.000
v826	2.292 0.626 0.818	0.000 0.866 0.500	0.776 0.776 0.776 1.000
v827	2.150 0.749 0.605	0.000 0.866 0.500	0.776 0.776 0.776 1.000
v828	2.575 0.871 0.393	0.000 0.866 0.500	0.776 0.776 0.776 1.000
v829	2.292 0.871 0.393	0.000 0.866 0.500	0.776 0.776 0.776 1.000
v830	2.863 0.622 0.824	0.000 -0.866 -0.500	0.776 0.776 0.776 1.000
v831	2.593 0.622 0.825	0.000 -0.866 -0.500	0.776 0.776 0.776 1.000
v832	2.728 0.505 1.027	0.000 -0.866 -0.500	0.776 0.776 0.776 1.000
v833	2.728 0.739 0.622	0.000 -0.866 -0.500	0.776 0.776 0.776 1.000
v834	1.705 0.366 1.269	0.000 0.866 0.500	0.776 0.776 0.776 1.000
v835	2.130 0.243 1.481	0.000 0.866 0.500	0.776 0.776 0.776 1.000
v836	1.846 0.243 1.481	0.000 0.866 0.500	0.776 0.776 0.776 1.000
v837	2.271 0.366 1.269	0.000 0.866 0.500	0.776 0.776 0.776 1.000
v838	1.846 0.488 1.056	0.000 0.866 0.500	0.776 0.776 0.776 1.000
v839	2.130 0.488 1.056	0.000 0.866 0.500	0.776 0.776 0.776 1.000
v840	2.288 0.362 1.276	0.000 -0.866 -0.500	0.776 0.776 0.776 1.000
v841	2.153 0.245 1.478	0.000 -0.866 -0.500	0.776 0.776 0.776 1.000
v842	2.424 0.245 1.478	0.000 -0.866 -0.500	0.776 0.776 0.776 1.000
v843	2.558 0.362 1.276	0.000 -0.866 -0.500	0.776 0.776 0.776 1.000
v844	2.148 0.494 1.047	0.000 0.866 0.500	0.776 0.776 0.776 1.000
v845	2.573 0.371 1.259	0.000 0.866 0.500	0.776 0.776 0.776 1.000
v846	2.290 0.371 1.259	0.000 0.866 0.500	0.776 0.776 0.776 1.000
v847	2.715 0.494 1.047	0.000 0.866 0.500	0.776 0.776 0.776 1.000
v848	2.290 0.616 0.835	0.000 0.866 0.500	0.776 0.776 0.776 1.000
v849	2.573 0.616 0.835	0.000 0.866 0.500	0.776 0.776 0.776 1.000
v850	2.684 0.559 0.926	-0.001 -0.865 -0.502	0.776 0.776 0.776 1.000
v851	1.734 0.294 1.386	-0.001 -0.865 -0.502	0.776 0.776 0.776 1.000
v852	1.742 0.287 1.398	-0.001 -0.865 -0.502	0.776 0.776 0.776 1.000
v853	2.676 0.566 0.914	-0.001 -0.865 -0.502	0.776 0.776 0.776 1.000
v854	1.289 0.558 0.928	0.000 -0.866 -0.500	0.776 0.776 0.776 1.000
v855	2.232 0.287 1.398	0.000 -0.866 -0.500	0.776 0.776 0.776 1.000
v856	2.240 0.294 1.386	0.000 -0.866 -0.500	0.776 0.776 0.776 1.000
v857	1.297 0.565 0.915	0.000 -0.866 -0.500	0.776 0.776 0.776 1.000
v858	2.423 0.740 0.614	0.000 -0.866 -0.500	0.776 0.776 0.776 1.000
v859	1.473 0.474 1.073	0.000 -0.866 -0.500	0.776 0.776 0.776 1.000
v860	1.481 0.467 1.086	0.000 -0.866 -0.500	0.776 0.776 0.776 1.000
v861	2.415 0.747 0.602	0.000 -0.866 -0.500	0.776 0.776 0.776 1.000
v862	2.436 0.893 0.349	-0.004 -0.866 -0.500	0.776 0.776 0.776 1.000
v863	2.420 0.349 1.291	-0.004 -0.866 -0.500	0.776 0.776 0.776 1.000
v864	2.436 0.349 1.291	-0.004 -0.866 -0.500	0.776 0.776 0.776 1.000
v865	2.420 0.893 0.349	-0.004 -0.866 -0.500	0.776 0.776 0.776 1.000
v866	1.512 0.749 0.598	-0.001 -0.867 -0.498	0.776 0.776 0.776 1.000
v867	2.455 0.477 1.069	-0.001 -0.867 -0.498	0.776 0.776 0.776 1.000
v868	2.463 0.484 1.056	-0.001 -0.867 -0.498	0.776 0.776 0.776 1.000
v869	1.520 0.756 0.586	-0.001 -0.867 -0.498	0.776 0.776 0.776 1.000
v870	1.980 0.889 0.356	0.003 -0.866 -0.500	0.776 0.776 0.776 1.000
v871	1.980 0.345 1.298	0.003 -0.866 -0.500	0.776 0.776 0.776 1.000
v872	1.996 0.345 1.298	0.003 -0.866 -0.500	0.776 0.776 0.776 1.000
v873	1.996 0.889 0.356	0.003 -0.866 -0.500	0.776 0.776 0.776 1.000
v874	1.555 0.887 0.359	-0.007 -0.866 -0.500	0.776 0.776 0.776 1.000
v875	1.538 0.343 1.301	-0.007 -0.866 -0.500	0.776 0.776 0.776 1.000
v876	1.555 0.343 1.301	-0.007 -0.866 -0.500	0.776 0.776 0.776 1.000
v877	1.539 0.887 0.359	-0.007 -0.866 -0.500	0.776 0.776 0.776 1.000
v878	2.240 0.942 0.264	0.001 -0.866 -0.499	0.776 0.776 0.776 1.000
v879	1.290 0.676 0.723	0.001 -0.866 -0.499	0.776 0.776 0.776 1.000
v880	1.298 0.669 0.735	0.001 -0.866 -0.499	0.776 0.776 0.776 1.000
v881	2.232 0.949 0.251	0.001 -0.866 -0.499	0.776 0.776 0.776 1.000
v882	1.733 0.941 0.265	0.000 -0.866 -0.500	0.776 0.776 0.776 1.000
v883	2.676 0.669 0.736	0.000 -0.866 -0.500	0.776 0.776 0.776 1.000
v884	2.684 0.676 0.724	0.000 -0.866 -0.500	0.776 0.776 0.776 1.000
v885	1.741 0.948 0.253	0.000 -0.866 -0.500	0.776 0.776 0.776 1.000
v886	1.158 0.041 2.346	1.000 0.000 0.000	0.400 0.404 0.420 1.000
v887	1.158 0.537 2.328	1.000 0.000 0.000	0.400 0.404 0.420 1.000
v888	1.158 0.613 2.197	0.476 0.011 -0.879	0.400 0.404 0.420 1.000
v889	1.158 0.041 2.194	0.500 0.004 -0.866	0.400 0.404 0.420 1.000
v890	1.027 0.651 2.131	-0.474 0.011 -0.880	0.400 0.404 0.420 1.000
v891	1.027 0.041 2.119	-0.500 0.018 -0.866	0.400 0.404 0.420 1.000
v892	0.896 0.041 2.194	-1.000 0.000 0.000	0.400 0.404 0.420 1.000
v893	0.896 0.613 2.197	-1.000 0.000 0.000	0.400 0.404 0.420 1.000
v894	1.027 0.041 2.421	-0.467 0.043 0.883	0.400 0.404 0.420 1.000
v895	0.896 0.041 2.346	-0.500 0.031 0.866	0.400 0.404 0.420 1.000
v896	0.896 0.537 2.328	-0.467 0.043 0.883	0.400 0.404 0.420 1.000
v897	1.027 0.499 2.393	-0.434 0.055 0.899	0.400 0.404 0.420 1.000
v898	0.896 0.537 2.328	0.000 0.866 0.500	0.400 0.404 0.420 1.000
v899	1.158 0.537 2.328	0.000 0.866 0.500	0.400 0.404 0.420 1.000
v900	1.027 0.499 2.393	0.000 0.866 0.500	0.400 0.404 0.420 1.000
v901	1.158 0.613 2.197	0.000 0.866 0.500	0.400 0.404 0.420 1.000
v902	0.896 0.613 2.197	0.000 0.866 0.500	0.400 0.404 0.420 1.000
v903	1.027 0.651 2.131	0.000 0.866 0.500	0.400 0.404 0.420 1.000
v904	0.896 0.041 2.346	0.000 -1.000 0.000	0.400 0.404 0.420 1.000
v905	1.027 0.041 2.421	0.000 -1.000 0.000	0.400 0.404 0.420 1.000
v906	1.158 0.041 2.346	0.000 -1.000 0.000	0.400 0.404 0.420 1.000
v907	1.158 0.041 2.194	0.000 -1.000 0.000	0.400 0.404 0.420 1.000
v908	0.896 0.041 2.194	0.000 -1.000 0.000	0.400 0.404 0.420 1.000
v909	1.027 0.041 2.119	0.000 -1.000 0.000	0.400 0.404 0.420 1.000
v910	1.941 0.608 2.202	0.000 0.866 0.500	0.776 0.776 0.776 1.000
v911	1.486 0.214 2.884	0.000 0.866 0.500	0.776 0.776 0.776 1.000
v912	0.577 0.214 2.884	0.000 0.866 0.500	0.776 0.776 0.776 1.000
v913	0.122 0.608 2.202	0.000 0.866 0.500	0.000 0.000 0.000 1.000
v914	1.486 1.002 1.520	0.000 0.866 0.500	0.776 0.776 0.776 1.000
v915	0.577 1.002 1.520	0.000 0.866 0.500	0.000 0.000 0.000 1.000
v916	1.919 0.614 2.204	0.000 0.866 0.500	0.224 0.224 0.224 1.000
v917	1.475 0.229 2.871	0.000 0.866 0.500	0.224 0.224 0.224 1.000
v918	0.587 0.229 2.871	0.000 0.866 0.500	0.224 0.224 0.224 1.000
v919	0.143 0.614 2.204	0.000 0.866 0.500	0.000 0.000 0.000 1.000
v920	1.475 0.998 1.538	0.000 0.866 0.500	0.224 0.224 0.224 1.000
v921	0.587 0.998 1.538	0.000 0.866 0.500	0.000 0.000 0.000 1.000
v922	1.655 0.626 2.208	0.000 -0.866 -0.500	0.039 0.016 0.420 1.000
v923	1.769 0.527 2.380	0.000 -0.866 -0.500	0.039 0.016 0.420 1.000
v924	1.883 0.625 2.209	0.000 -0.866 -0.500	0.039 0.016 0.420 1.000
v925	1.768 0.724 2.038	0.000 -0.866 -0.500	0.039 0.016 0.420 1.000
v926	1.567 0.356 2.676	0.000 -0.866 -0.500	0.039 0.016 0.420 1.000
v927	1.225 0.257 2.847	0.000 -0.866 -0.500	0.039 0.016 0.420 1.000
v928	1.452 0.257 2.847	0.000 -0.866 -0.500	0.039 0.016 0.420 1.000
v929	1.339 0.356 2.676	0.000 -0.866 -0.500	0.039 0.016 0.420 1.000
v930	1.734 0.498 2.431	0.000 0.866 0.500	0.039 0.016 0.420 1.000
v931	1.603 0.384 2.627	0.000 0.866 0.500	0.039 0.016 0.420 1.000
v932	1.341 0.384 2.627	0.000 0.866 0.500	0.039 0.016 0.420 1.000
v933	1.210 0.497 2.431	0.000 0.866 0.500	0.039 0.016 0.420 1.000
v934	1.603 0.611 2.234	0.000 0.866 0.500	0.039 0.016 0.420 1.000
v935	1.341 0.611 2.234	0.000 0.866 0.500	0.039 0.016 0.420 1.000
v936	1.736 0.752 1.989	0.000 0.866 0.500	0.039 0.016 0.420 1.000
v937	1.605 0.639 2.186	0.000 0.866 0.500	0.039 0.016 0.420 1.000
v938	1.343 0.639 2.185	0.000 0.866 0.500	0.039 0.016 0.420 1.000
v939	1.212 0.752 1.989	0.000 0.866 0.500	0.039 0.016 0.420 1.000
v940	1.605 0.866 1.793	0.000 0.866 0.500	0.039 0.016 0.420 1.000
v941	1.343 0.866 1.793	0.000 0.866 0.500	0.039 0.016 0.420 1.000
v942	1.293 0.624 2.211	0.000 0.866 0.500	0.039 0.016 0.420 1.000
v943	1.162 0.511 2.407	0.000 0.866 0.500	0.039 0.016 0.420 1.000
v944	0.900 0.511 2.407	0.000 0.866 0.500	0.039 0.016 0.420 1.000
v945	0.769 0.624 2.211	0.000 0.866 0.500	0.039 0.016 0.420 1.000
v946	1.162 0.738 2.014	0.000 0.866 0.500	0.039 0.016 0.420 1.000
v947	0.900 0.738 2.014	0.000 0.866 0.500	0.039 0.016 0.420 1.000
v948	1.290 0.370 2.652	0.000 0.866 0.500	0.039 0.016 0.420 1.000
v949	1.159 0.256 2.849	0.000 0.866 0.500	0.039 0.016 0.420 1.000
v950	0.897 0.256 2.849	0.000 0.866 0.500	0.039 0.016 0.420 1.000
v951	0.767 0.369 2.652	0.000 0.866 0.500	0.039 0.016 0.420 1.000
v952	1.159 0.483 2.456	0.000 0.866 0.500	0.039 0.016 0.420 1.000
v953	0.897 0.483 2.456	0.000 0.866 0.500	0.039 0.016 0.420 1.000
v954	0.721 0.355 2.677	0.000 -0.866 -0.500	0.039 0.016 0.420 1.000
v955	0.606 0.257 2.848	0.000 -0.866 -0.500	0.039 0.016 0.420 1.000
v956	0.835 0.257 2.848	0.000 -0.866 -0.500	0.039 0.016 0.420 1.000
v957	0.492 0.355 2.677	0.000 -0.866 -0.500	0.039 0.016 0.420 1.000
v958	0.856 0.498 2.429	0.000 0.866 0.500	0.039 0.016 0.420 1.000
v959	0.725 0.385 2.626	0.000 0.866 0.500	0.039 0.016 0.420 1.000
v960	0.463 0.385 2.626	0.000 0.866 0.500	0.039 0.016 0.420 1.000
v961	0.332 0.498 2.429	0.000 0.866 0.500	0.039 0.016 0.420 1.000
v962	0.725 0.612 2.233	0.000 0.866 0.500	0.039 0.016 0.420 1.000
v963	0.463 0.612 2.233	0.000 0.866 0.500	0.039 0.016 0.420 1.000
v964	0.183 0.627 2.206	0.000 -0.866 -0.500	0.039 0.016 0.420 1.000
v965	0.297 0.528 2.377	0.000 -0.866 -0.500	0.039 0.016 0.420 1.000
v966	0.411 0.627 2.207	0.000 -0.866 -0.500	0.039 0.016 0.420 1.000
v967	0.297 0.726 2.035	0.000 -0.866 -0.500	0.039 0.016 0.420 1.000
v968	0.325 0.752 1.990	0.000 0.866 0.500	0.039 0.016 0.420 1.000
v969	0.717 0.639 2.186	0.000 0.866 0.500	0.039 0.016 0.420 1.000
v970	0.455 0.638 2.186	0.000 0.866 0.500	0.039 0.016 0.420 1.000
v971	0.848 0.752 1.990	0.000 0.866 0.500	0.039 0.016 0.420 1.000
v972	0.456 0.865 1.793	0.000 0.866 0.500	0.039 0.016 0.420 1.000
v973	0.717 0.865 1.793	0.000 0.866 0.500	0.039 0.016 0.420 1.000
v974	0.608 0.993 1.572	0.000 -0.866 -0.500	0.039 0.016 0.420 1.000
v975	0.493 0.894 1.744	0.000 -0.866 -0.500	0.039 0.016 0.420 1.000
v976	0.721 0.894 1.744	0.000 -0.866 -0.500	0.039 0.016 0.420 1.000
v977	0.835 0.993 1.572	0.000 -0.866 -0.500	0.039 0.016 0.420 1.000
v978	1.230 0.993 1.573	0.000 -0.866 -0.500	0.039 0.016 0.420 1.000
v979	1.344 0.894 1.743	0.000 -0.866 -0.500	0.039 0.016 0.420 1.000
v980	1.573 0.894 1.743	0.000 -0.866 -0.500	0.039 0.016 0.420 1.000
v981	1.459 0.993 1.573	0.000 -0.866 -0.500	0.039 0.016 0.420 1.000
v982	0.766 0.880 1.768	0.000 0.866 0.500	0.039 0.016 0.420 1.000
v983	1.159 0.767 1.964	0.000 0.866 0.500	0.039 0.016 0.420 1.000
v984	0.897 0.767 1.964	0.000 0.866 0.500	0.039 0.016 0.420 1.000
v985	1.290 0.880 1.768	0.000 0.866 0.500	0.039 0.016 0.420 1.000
v986	0.897 0.994 1.572	0.000 0.866 0.500	0.039 0.016 0.420 1.000
v987	1.159 0.994 1.571	0.000 0.866 0.500	0.039 0.016 0.420 1.000
v988	1.468 0.998 1.555	0.000 -0.866 -0.500	0.776 0.776 0.776 1.000
v989	1.333 0.881 1.758	0.000 -0.866 -0.500	0.776 0.776 0.776 1.000
v990	1.603 0.881 1.758	0.000 -0.866 -0.500	0.776 0.776 0.776 1.000
v991	1.198 0.998 1.555	0.000 -0.866 -0.500	0.776 0.776 0.776 1.000
v992	1.311 0.877 1.766	0.000 0.866 0.500	0.776 0.776 0.776 1.000
v993	1.170 0.754 1.978	0.000 0.866 0.500	0.776 0.776 0.776 1.000
v994	0.886 0.754 1.978	0.000 0.866 0.500	0.776 0.776 0.776 1.000
v995	0.745 0.877 1.766	0.000 0.866 0.500	0.776 0.776 0.776 1.000
v996	1.170 1.000 1.554	0.000 0.866 0.500	0.776 0.776 0.776 1.000
v997	0.887 0.999 1.554	0.000 0.866 0.500	0.776 0.776 0.776 1.000
v998	0.867 0.998 1.555	0.000 -0.866 -0.500	0.776 0.776 0.776 1.000
v999	0.461 0.881 1.758	0.000 -0.866 -0.500	0.776 0.776 0.776 1.000
v1000	0.732 0.881 1.758	0.000 -0.866 -0.500	0.776 0.776 0.776 1.000
v1001	0.596 0.998 1.555	0.000 -0.866 -0.500	0.776 0.776 0.776 1.000
v1002	0.869 0.748 1.988	0.000 0.866 0.500	0.776 0.776 0.776 1.000
v1003	0.728 0.626 2.200	0.000 0.866 0.500	0.776 0.776 0.776 1.000
v1004	0.445 0.626 2.200	0.000 0.866 0.500	0.776 0.776 0.776 1.000
v1005	0.303 0.748 1.988	0.000 0.866 0.500	0.776 0.776 0.776 1.000
v1006	0.728 0.871 1.775	0.000 0.866 0.500	0.776 0.776 0.776 1.000
v1007	0.445 0.871 1.775	0.000 0.866 0.500	0.776 0.776 0.776 1.000
v1008	0.433 0.623 2.204	0.000 -0.866 -0.500	0.776 0.776 0.776 1.000
v1009	0.163 0.623 2.205	0.000 -0.866 -0.500	0.776 0.776 0.776 1.000
v1010	0.298 0.506 2.407	0.000 -0.866 -0.500	0.776 0.776 0.776 1.000
v1011	0.298 0.740 2.002	0.000 -0.866 -0.500	0.776 0.776 0.776 1.000
v1012	0.877 0.494 2.427	0.000 0.866 0.500	0.776 0.776 0.776 1.000
v1013	0.735 0.372 2.640	0.000 0.866 0.500	0.776 0.776 0.776 1.000
v1014	0.452 0.372 2.640	0.000 0.866 0.500	0.776 0.776 0.776 1.000
v1015	0.310 0.494 2.427	0.000 0.866 0.500	0.776 0.776 0.776 1.000
v1016	0.735 0.617 2.215	0.000 0.866 0.500	0.776 0.776 0.776 1.000
v1017	0.452 0.617 2.215	0.000 0.866 0.500	0.776 0.776 0.776 1.000
v1018	0.731 0.361 2.658	0.000 -0.866 -0.500	0.776 0.776 0.776 1.000
v1019	0.597 0.244 2.861	0.000 -0.866 -0.500	0.776 0.776 0.776 1.000
v1020	0.867 0.244 2.861	0.000 -0.866 -0.500	0.776 0.776 0.776 1.000
v1021	0.461 0.361 2.658	0.000 -0.866 -0.500	0.776 0.776 0.776 1.000
v1022	0.747 0.621 2.209	0.000 0.866 0.500	0.776 0.776 0.776 1.000
v1023	1.172 0.498 2.421	0.000 0.866 0.500	0.776 0.776 0.776 1.000
v1024	0.889 0.498 2.421	0.000 0.866 0.500	0.776 0.776 0.776 1.000
v1025	1.314 0.621 2.209	0.000 0.866 0.500	0.776 0.776 0.776 1.000
v1026	0.889 0.743 1.996	0.000 0.866 0.500	0.776 0.776 0.776 1.000
v1027	1.172 0.743 1.996	0.000 0.866 0.500	0.776 0.776 0.776 1.000
v1028	1.757 0.749 1.987	0.000 0.866 0.500	0.776 0.776 0.776 1.000
v1029	1.615 0.626 2.200	0.000 0.866 0.500	0.776 0.776 0.776 1.000
v1030	1.332 0.626 2.200	0.000 0.866 0.500	0.776 0.776 0.776 1.000
v1031	1.191 0.749 1.987	0.000 0.866 0.500	0.776 0.776 0.776 1.000
v1032	1.615 0.871 1.775	0.000 0.866 0.500	0.776 0.776 0.776 1.000
v1033	1.332 0.871 1.775	0.000 0.866 0.500	0.776 0.776 0.776 1.000
v1034	1.903 0.622 2.206	0.000 -0.866 -0.500	0.776 0.776 0.776 1.000
v1035	1.633 0.622 2.207	0.000 -0.866 -0.500	0.776 0.776 0.776 1.000
v1036	1.768 0.505 2.409	0.000 -0.866 -0.500	0.776 0.776 0.776 1.000
v1037	1.768 0.739 2.004	0.000 -0.866 -0.500	0.776 0.776 0.776 1.000
v1038	0.745 0.366 2.651	0.000 0.866 0.500	0.776 0.776 0.776 1.000
v1039	1.170 0.243 2.863	0.000 0.866 0.500	0.776 0.776 0.776 1.000
v1040	0.886 0.243 2.863	0.000 0.866 0.500	0.776 0.776 0.776 1.000
v1041	1.311 0.366 2.650	0.000 0.866 0.500	0.776 0.776 0.776 1.000
v1042	0.886 0.488 2.438	0.000 0.866 0.500	0.776 0.776 0.776 1.000
v1043	1.170 0.488 2.438	0.000 0.866 0.500	0.776 0.776 0.776 1.000
v1044	1.328 0.362 2.657	0.000 -0.866 -0.500	0.776 0.776 0.776 1.000
v1045	1.193 0.245 2.860	0.000 -0.866 -0.500	0.776 0.776 0.776 1.000
v1046	1.464 0.245 2.860	0.000 -0.866 -0.500	0.776 0.776 0.776 1.000
v1047	1.599 0.362 2.657	0.000 -0.866 -0.500	0.776 0.776 0.776 1.000
v1048	1.188 0.494 2.429	0.000 0.866 0.500	0.776 0.776 0.776 1.000
v1049	1.613 0.371 2.641	0.000 0.866 0.500	0.776 0.776 0.776 1.000
v1050	1.330 0.371 2.641	0.000 0.866 0.500	0.776 0.776 0.776 1.000
v1051	1.755 0.494 2.429	0.000 0.866 0.500	0.776 0.776 0.776 1.000
v1052	1.330 0.616 2.216	0.000 0.866 0.500	0.776 0.776 0.776 1.000
v1053	1.613 0.616 2.216	0.000 0.866 0.500	0.776 0.776 0.776 1.000
v1054	1.724 0.559 2.308	0.001 -0.867 -0.498	0.776 0.776 0.776 1.000
v1055	0.774 0.294 2.768	0.001 -0.867 -0.498	0.776 0.776 0.776 1.000
v1056	0.782 0.287 2.780	0.001 -0.867 -0.498	0.776 0.776 0.776 1.000
v1057	1.716 0.566 2.296	0.001 -0.867 -0.498	0.776 0.776 0.776 1.000
v1058	0.329 0.558 2.309	0.000 -0.866 -0.501	0.776 0.776 0.776 1.000
v1059	1.273 0.287 2.780	0.000 -0.866 -0.501	0.776 0.776 0.776 1.000
v1060	1.281 0.294 2.768	0.000 -0.866 -0.501	0.776 0.776 0.776 1.000
v1061	0.338 0.565 2.297	0.000 -0.866 -0.501	0.776 0.776 0.776 1.000
v1062	1.463 0.740 1.996	0.000 -0.866 -0.500	0.776 0.776 0.776 1.000
v1063	0.513 0.474 2.455	0.000 -0.866 -0.500	0.776 0.776 0.776 1.000
v1064	0.521 0.467 2.468	0.000 -0.866 -0.500	0.776 0.776 0.776 1.000
v1065	1.455 0.747 1.984	0.000 -0.866 -0.500	0.776 0.776 0.776 1.000
v1066	1.477 0.893 1.731	0.002 -0.866 -0.500	0.776 0.776 0.776 1.000
v1067	1.460 0.349 2.673	0.002 -0.866 -0.500	0.776 0.776 0.776 1.000
v1068	1.476 0.349 2.673	0.002 -0.866 -0.500	0.776 0.776 0.776 1.000
v1069	1.460 0.893 1.730	0.002 -0.866 -0.500	0.776 0.776 0.776 1.000
v1070	0.552 0.749 1.980	0.002 -0.865 -0.503	0.776 0.776 0.776 1.000
v1071	1.495 0.477 2.450	0.002 -0.865 -0.503	0.776 0.776 0.776 1.000
v1072	1.503 0.484 2.438	0.002 -0.865 -0.503	0.776 0.776 0.776 1.000
v1073	0.560 0.756 1.968	0.002 -0.865 -0.503	0.776 0.776 0.776 1.000
v1074	1.020 0.889 1.738	-0.002 -0.866 -0.500	0.776 0.776 0.776 1.000
v1075	1.020 0.345 2.680	-0.002 -0.866 -0.500	0.776 0.776 0.776 1.000
v1076	1.036 0.345 2.680	-0.002 -0.866 -0.500	0.776 0.776 0.776 1.000
v1077	1.036 0.889 1.738	-0.002 -0.866 -0.500	0.776 0.776 0.776 1.000
v1078	0.595 0.887 1.741	-0.003 -0.866 -0.500	0.776 0.776 0.776 1.000
v1079	0.579 0.343 2.683	-0.003 -0.866 -0.500	0.776 0.776 0.776 1.000
v1080	0.595 0.343 2.683	-0.003 -0.866 -0.500	0.776 0.776 0.776 1.000
v1081	0.579 0.887 1.741	-0.003 -0.866 -0.500	0.776 0.776 0.776 1.000
v1082	1.280 0.942 1.645	0.001 -0.867 -0.499	0.776 0.776 0.776 1.000
v1083	0.330 0.676 2.105	0.001 -0.867 -0.499	0.776 0.776 0.776 1.000
v1084	0.338 0.669 2.117	0.001 -0.867 -0.499	0.776 0.776 0.776 1.000
v1085	1.272 0.949 1.633	0.001 -0.867 -0.499	0.776 0.776 0.776 1.000
v1086	0.773 0.941 1.647	0.003 -0.864 -0.504	0.776 0.776 0.776 1.000
v1087	1.716 0.669 2.118	0.003 -0.864 -0.504	0.776 0.776 0.776 1.000
v1088	1.724 0.676 2.106	0.003 -0.864 -0.504	0.776 0.776 0.776 1.000
v1089	0.782 0.948 1.635	0.003 -0.864 -0.504	0.776 0.776 0.776 1.000
v1090	3.079 0.041 2.354	1.000 0.000 0.000	0.400 0.404 0.420 1.000
v1091	3.079 0.537 2.336	1.000 0.000 0.000	0.400 0.404 0.420 1.000
v1092	3.079 0.613 2.205	0.476 0.011 -0.879	0.400 0.404 0.420 1.000
v1093	3.079 0.041 2.203	0.500 0.004 -0.866	0.400 0.404 0.420 1.000
v1094	2.948 0.651 2.140	-0.474 0.011 -0.880	0.400 0.404 0.420 1.000
v1095	2.948 0.041 2.127	-0.500 0.018 -0.866	0.400 0.404 0.420 1.000
v1096	2.817 0.041 2.203	-1.000 0.000 0.000	0.400 0.404 0.420 1.000
v1097	2.817 0.613 2.205	-1.000 0.000 0.000	0.400 0.404 0.420 1.000
v1098	2.948 0.041 2.430	-0.467 0.043 0.883	0.400 0.404 0.420 1.000
v1099	2.817 0.041 2.354	-0.500 0.031 0.866	0.400 0.404 0.420 1.000
v1100	2.817 0.537 2.336	-0.467 0.043 0.883	0.400 0.404 0.420 1.000
v1101	2.948 0.499 2.402	-0.434 0.055 0.899	0.400 0.404 0.420 1.000
v1102	2.817 0.537 2.336	0.000 0.866 0.500	0.400 0.404 0.420 1.000
v1103	3.079 0.537 2.336	0.000 0.866 0.500	0.400 0.404 0.420 1.000
v1104	2.948 0.499 2.402	0.000 0.866 0.500	0.400 0.404 0.420 1.000
v1105	3.079 0.613 2.205	0.000 0.866 0.500	0.400 0.404 0.420 1.000
v1106	2.817 0.613 2.205	0.000 0.866 0.500	0.400 0.404 0.420 1.000
v1107	2.948 0.651 2.140	0.000 0.866 0.500	0.400 0.404 0.420 1.000
v1108	2.817 0.041 2.354	0.000 -1.000 0.000	0.400 0.404 0.420 1.000
v1109	2.948 0.041 2.430	0.000 -1.000 0.000	0.400 0.404 0.420 1.000
v1110	3.079 0.041 2.354	0.000 -1.000 0.000	0.400 0.404 0.420 1.000
v1111	3.079 0.041 2.203	0.000 -1.000 0.000	0.400 0.404 0.420 1.000
v1112	2.817 0.041 2.203	0.000 -1.000 0.000	0.400 0.404 0.420 1.000
v1113	2.948 0.041 2.127	0.000 -1.000 0.000	0.400 0.404 0.420 1.000
v1114	3.861 0.608 2.210	0.000 0.866 0.500	0.776 0.776 0.776 1.000
v1115	3.407 0.214 2.892	0.000 0.866 0.500	0.776 0.776 0.776 1.000
v1116	2.498 0.214 2.892	0.000 0.866 0.500	0.776 0.776 0.776 1.000
v1117	2.043 0.608 2.210	0.000 0.866 0.500	0.000 0.000 0.000 1.000
v1118	3.407 1.002 1.528	0.000 0.866 0.500	0.776 0.776 0.776 1.000
v1119	2.498 1.002 1.528	0.000 0.866 0.500	0.000 0.000 0.000 1.000
v1120	3.840 0.614 2.213	0.000 0.866 0.500	0.224 0.224 0.224 1.000
v1121	3.396 0.229 2.879	0.000 0.866 0.500	0.224 0.224 0.224 1.000
v1122	2.508 0.229 2.879	0.000 0.866 0.500	0.224 0.224 0.224 1.000
v1123	2.064 0.614 2.213	0.000 0.866 0.500	0.000 0.000 0.000 1.000
v1124	3.396 0.998 1.547	0.000 0.866 0.500	0.224 0.224 0.224 1.000
v1125	2.508 0.998 1.547	0.000 0.866 0.500	0.000 0.000 0.000 1.000
v1126	3.576 0.626 2.217	0.000 -0.866 -0.500	0.039 0.016 0.420 1.000
v1127	3.690 0.527 2.388	0.000 -0.866 -0.500	0.039 0.016 0.420 1.000
v1128	3.804 0.625 2.218	0.000 -0.866 -0.500	0.039 0.016 0.420 1.000
v1129	3.689 0.724 2.046	0.000 -0.866 -0.500	0.039 0.016 0.420 1.000
v1130	3.488 0.356 2.684	0.000 -0.866 -0.500	0.039 0.016 0.420 1.000
v1131	3.146 0.257 2.856	0.000 -0.866 -0.500	0.039 0.016 0.420 1.000
v1132	3.373 0.257 2.856	0.000 -0.866 -0.500	0.039 0.016 0.420 1.000
v1133	3.260 0.356 2.684	0.000 -0.866 -0.500	0.039 0.016 0.420 1.000
v1134	3.655 0.498 2.439	0.000 0.866 0.500	0.039 0.016 0.420 1.000
v1135	3.524 0.384 2.635	0.000 0.866 0.500	0.039 0.016 0.420 1.000
v1136	3.262 0.384 2.635	0.000 0.866 0.500	0.039 0.016 0.420 1.000
v1137	3.131 0.497 2.439	0.000 0.866 0.500	0.039 0.016 0.420 1.000
v1138	3.524 0.611 2.243	0.000 0.866 0.500	0.039 0.016 0.420 1.000
v1139	3.262 0.611 2.243	0.000 0.866 0.500	0.039 0.016 0.420 1.000
v1140	3.657 0.752 1.998	0.000 0.866 0.500	0.039 0.016 0.420 1.000
v1141	3.526 0.639 2.194	0.000 0.866 0.500	0.039 0.016 0.420 1.000
v1142	3.264 0.639 2.194	0.000 0.866 0.500	0.039 0.016 0.420 1.000
v1143	3.133 0.752 1.997	0.000 0.866 0.500	0.039 0.016 0.420 1.000
v1144	3.526 0.866 1.801	0.000 0.866 0.500	0.039 0.016 0.420 1.000
v1145	3.264 0.866 1.801	0.000 0.866 0.500	0.039 0.016 0.420 1.000
v1146	3.214 0.624 2.219	0.000 0.866 0.500	0.039 0.016 0.420 1.000
v1147	3.083 0.511 2.416	0.000 0.866 0.500	0.039 0.016 0.420 1.000
v1148	2.821 0.511 2.416	0.000 0.866 0.500	0.039 0.016 0.420 1.000
v1149	2.690 0.624 2.219	0.000 0.866 0.500	0.039 0.016 0.420 1.000
v1150	3.083 0.738 2.023	0.000 0.866 0.500	0.039 0.016 0.420 1.000
v1151	2.821 0.738 2.023	0.000 0.866 0.500	0.039 0.016 0.420 1.000
v1152	3.211 0.370 2.661	0.000 0.866 0.500	0.039 0.016 0.420 1.000
v1153	3.080 0.256 2.857	0.000 0.866 0.500	0.039 0.016 0.420 1.000
v1154	2.818 0.256 2.857	0.000 0.866 0.500	0.039 0.016 0.420 1.000
v1155	2.687 0.369 2.661	0.000 0.866 0.500	0.039 0.016 0.420 1.000
v1156	3.080 0.483 2.464	0.000 0.866 0.500	0.039 0.016 0.420 1.000
v1157	2.818 0.483 2.464	0.000 0.866 0.500	0.039 0.016 0.420 1.000
v1158	2.642 0.355 2.685	0.000 -0.866 -0.500	0.039 0.016 0.420 1.000
v1159	2.527 0.257 2.856	0.000 -0.866 -0.500	0.039 0.016 0.420 1.000
v1160	2.755 0.257 2.856	0.000 -0.866 -0.500	0.039 0.016 0.420 1.000
v1161	2.413 0.355 2.685	0.000 -0.866 -0.500	0.039 0.016 0.420 1.000
v1162	2.777 0.498 2.438	0.000 0.866 0.500	0.039 0.016 0.420 1.000
v1163	2.646 0.385 2.634	0.000 0.866 0.500	0.039 0.016 0.420 1.000
v1164	2.384 0.385 2.634	0.000 0.866 0.500	0.039 0.016 0.420 1.000
v1165	2.253 0.498 2.438	0.000 0.866 0.500	0.039 0.016 0.420 1.000
v1166	2.646 0.612 2.241	0.000 0.866 0.500	0.039 0.016 0.420 1.000
v1167	2.384 0.612 2.241	0.000 0.866 0.500	0.039 0.016 0.420 1.000
v1168	2.104 0.627 2.214	0.000 -0.866 -0.500	0.039 0.016 0.420 1.000
v1169	2.218 0.528 2.386	0.000 -0.866 -0.500	0.039 0.016 0.420 1.000
v1170	2.332 0.627 2.215	0.000 -0.866 -0.500	0.039 0.016 0.420 1.000
v1171	2.217 0.726 2.043	0.000 -0.866 -0.500	0.039 0.016 0.420 1.000
v1172	2.245 0.752 1.998	0.000 0.866 0.500	0.039 0.016 0.420 1.000
v1173	2.638 0.639 2.195	0.000 0.866 0.500	0.039 0.016 0.420 1.000
v1174	2.376 0.639 2.195	0.000 0.866 0.500	0.039 0.016 0.420 1.000
v1175	2.769 0.752 1.998	0.000 0.866 0.500	0.039 0.016 0.420 1.000
v1176	2.376 0.865 1.802	0.000 0.866 0.500	0.039 0.016 0.420 1.000
v1177	2.638 0.865 1.802	0.000 0.866 0.500	0.039 0.016 0.420 1.000
v1178	2.529 0.993 1.581	0.000 -0.866 -0.500	0.039 0.016 0.420 1.000
v1179	2.414 0.894 1.752	0.000 -0.866 -0.500	0.039 0.016 0.420 1.000
v1180	2.642 0.894 1.752	0.000 -0.866 -0.500	0.039 0.016 0.420 1.000
v1181	2.756 0.993 1.581	0.000 -0.866 -0.500	0.039 0.016 0.420 1.000
v1182	3.151 0.993 1.581	0.000 -0.866 -0.500	0.039 0.016 0.420 1.000
v1183	3.265 0.894 1.752	0.000 -0.866 -0.500	0.039 0.016 0.420 1.000
v1184	3.494 0.894 1.752	0.000 -0.866 -0.500	0.039 0.016 0.420 1.000
v1185	3.380 0.993 1.581	0.000 -0.866 -0.500	0.039 0.016 0.420 1.000
v1186	2.687 0.880 1.776	0.000 0.866 0.500	0.039 0.016 0.420 1.000
v1187	3.080 0.767 1.973	0.000 0.866 0.500	0.039 0.016 0.420 1.000
v1188	2.818 0.767 1.973	0.000 0.866 0.500	0.039 0.016 0.420 1.000
v1189	3.211 0.880 1.776	0.000 0.866 0.500	0.039 0.016 0.420 1.000
v1190	2.818 0.994 1.580	0.000 0.866 0.500	0.039 0.016 0.420 1.000
v1191	3.080 0.994 1.580	0.000 0.866 0.500	0.039 0.016 0.420 1.000
v1192	3.389 0.998 1.563	0.000 -0.866 -0.500	0.776 0.776 0.776 1.000
v1193	3.254 0.881 1.766	0.000 -0.866 -0.500	0.776 0.776 0.776 1.000
v1194	3.524 0.881 1.766	0.000 -0.866 -0.500	0.776 0.776 0.776 1.000
v1195	3.119 0.998 1.563	0.000 -0.866 -0.500	0.776 0.776 0.776 1.000
v1196	3.232 0.877 1.774	0.000 0.866 0.500	0.776 0.776 0.776 1.000
v1197	3.091 0.754 1.987	0.000 0.866 0.500	0.776 0.776 0.776 1.000
v1198	2.807 0.754 1.987	0.000 0.866 0.500	0.776 0.776 0.776 1.000
v1199	2.666 0.877 1.774	0.000 0.866 0.500	0.776 0.776 0.776 1.000
v1200	3.091 0.999 1.562	0.000 0.866 0.500	0.776 0.776 0.776 1.000
v1201	2.807 0.999 1.562	0.000 0.866 0.500	0.776 0.776 0.776 1.000
v1202	2.788 0.998 1.564	0.000 -0.866 -0.500	0.776 0.776 0.776 1.000
v1203	2.382 0.881 1.766	0.000 -0.866 -0.500	0.776 0.776 0.776 1.000
v1204	2.653 0.881 1.766	0.000 -0.866 -0.500	0.776 0.776 0.776 1.000
v1205	2.517 0.998 1.564	0.000 -0.866 -0.500	0.776 0.776 0.776 1.000
v1206	2.790 0.748 1.996	0.000 0.866 0.500	0.776 0.776 0.776 1.000
v1207	2.649 0.626 2.208	0.000 0.866 0.500	0.776 0.776 0.776 1.000
v1208	2.366 0.626 2.208	0.000 0.866 0.500	0.776 0.776 0.776 1.000
v1209	2.224 0.748 1.996	0.000 0.866 0.500	0.776 0.776 0.776 1.000
v1210	2.649 0.871 1.784	0.000 0.866 0.500	0.776 0.776 0.776 1.000
v1211	2.366 0.871 1.784	0.000 0.866 0.500	0.776 0.776 0.776 1.000
v1212	2.354 0.623 2.213	0.000 -0.866 -0.500	0.776 0.776 0.776 1.000
v1213	2.084 0.623 2.213	0.000 -0.866 -0.500	0.776 0.776 0.776 1.000
v1214	2.219 0.506 2.416	0.000 -0.866 -0.500	0.776 0.776 0.776 1.000
v1215	2.219 0.740 2.010	0.000 -0.866 -0.500	0.776 0.776 0.776 1.000
v1216	2.798 0.494 2.436	0.000 0.866 0.500	0.776 0.776 0.776 1.000
v1217	2.656 0.372 2.648	0.000 0.866 0.500	0.776 0.776 0.776 1.000
v1218	2.373 0.372 2.648	0.000 0.866 0.500	0.776 0.776 0.776 1.000
v1219	2.231 0.494 2.436	0.000 0.866 0.500	0.776 0.776 0.776 1.000
v1220	2.656 0.617 2.223	0.000 0.866 0.500	0.776 0.776 0.776 1.000
v1221	2.373 0.617 2.223	0.000 0.866 0.500	0.776 0.776 0.776 1.000
v1222	2.652 0.361 2.667	0.000 -0.866 -0.500	0.776 0.776 0.776 1.000
v1223	2.518 0.244 2.870	0.000 -0.866 -0.500	0.776 0.776 0.776 1.000
v1224	2.788 0.244 2.870	0.000 -0.866 -0.500	0.776 0.776 0.776 1.000
v1225	2.382 0.361 2.667	0.000 -0.866 -0.500	0.776 0.776 0.776 1.000
v1226	2.668 0.621 2.217	0.000 0.866 0.500	0.776 0.776 0.776 1.000
v1227	3.093 0.498 2.430	0.000 0.866 0.500	0.776 0.776 0.776 1.000
v1228	2.810 0.498 2.430	0.000 0.866 0.500	0.776 0.776 0.776 1.000
v1229	3.235 0.621 2.217	0.000 0.866 0.500	0.776 0.776 0.776 1.000
v1230	2.810 0.743 2.005	0.000 0.866 0.500	0.776 0.776 0.776 1.000
v1231	3.093 0.743 2.005	0.000 0.866 0.500	0.776 0.776 0.776 1.000
v1232	3.112 0.749 1.996	0.000 0.866 0.500	0.776 0.776 0.776 1.000
v1233	3.536 0.626 2.208	0.000 0.866 0.500	0.776 0.776 0.776 1.000
v1234	3.253 0.626 2.208	0.000 0.866 0.500	0.776 0.776 0.776 1.000
v1235	3.678 0.749 1.996	0.000 0.866 0.500	0.776 0.776 0.776 1.000
v1236	3.253 0.871 1.783	0.000 0.866 0.500	0.776 0.776 0.776 1.000
v1237	3.536 0.871 1.783	0.000 0.866 0.500	0.776 0.776 0.776 1.000
v1238	3.824 0.622 2.214	0.000 -0.866 -0.500	0.776 0.776 0.776 1.000
v1239	3.554 0.622 2.215	0.000 -0.866 -0.500	0.776 0.776 0.776 1.000
v1240	3.689 0.505 2.417	0.000 -0.866 -0.500	0.776 0.776 0.776 1.000
v1241	3.689 0.739 2.012	0.000 -0.866 -0.500	0.776 0.776 0.776 1.000
v1242	2.666 0.366 2.659	0.000 0.866 0.500	0.776 0.776 0.776 1.000
v1243	3.091 0.243 2.871	0.000 0.866 0.500	0.776 0.776 0.776 1.000
v1244	2.807 0.243 2.871	0.000 0.866 0.500	0.776 0.776 0.776 1.000
v1245	3.232 0.366 2.659	0.000 0.866 0.500	0.776 0.776 0.776 1.000
v1246	2.807 0.489 2.446	0.000 0.866 0.500	0.776 0.776 0.776 1.000
v1247	3.091 0.489 2.446	0.000 0.866 0.500	0.776 0.776 0.776 1.000
v1248	3.249 0.362 2.666	0.000 -0.866 -0.500	0.776 0.776 0.776 1.000
v1249	3.114 0.245 2.868	0.000 -0.866 -0.500	0.776 0.776 0.776 1.000
v1250	3.385 0.245 2.868	0.000 -0.866 -0.500	0.776 0.776 0.776 1.000
v1251	3.520 0.362 2.666	0.000 -0.866 -0.500	0.776 0.776 0.776 1.000
v1252	3.109 0.494 2.437	0.000 0.866 0.500	0.776 0.776 0.776 1.000
v1253	3.534 0.371 2.650	0.000 0.866 0.500	0.776 0.776 0.776 1.000
v1254	3.251 0.371 2.650	0.000 0.866 0.500	0.776 0.776 0.776 1.000
v1255	3.676 0.494 2.437	0.000 0.866 0.500	0.776 0.776 0.776 1.000
v1256	3.251 0.616 2.225	0.000 0.866 0.500	0.776 0.776 0.776 1.000
v1257	3.534 0.616 2.225	0.000 0.866 0.500	0.776 0.776 0.776 1.000
v1258	3.645 0.559 2.316	0.001 -0.867 -0.498	0.776 0.776 0.776 1.000
v1259	2.695 0.294 2.776	0.001 -0.867 -0.498	0.776 0.776 0.776 1.000
v1260	2.703 0.287 2.788	0.001 -0.867 -0.498	0.776 0.776 0.776 1.000
v1261	3.637 0.566 2.304	0.001 -0.867 -0.498	0.776 0.776 0.776 1.000
v1262	2.250 0.558 2.318	0.000 -0.866 -0.500	0.776 0.776 0.776 1.000
v1263	3.193 0.287 2.789	0.000 -0.866 -0.500	0.776 0.776 0.776 1.000
v1264	3.201 0.294 2.777	0.000 -0.866 -0.500	0.776 0.776 0.776 1.000
v1265	2.258 0.565 2.306	0.000 -0.866 -0.500	0.776 0.776 0.776 1.000
v1266	3.384 0.740 2.004	0.000 -0.866 -0.501	0.776 0.776 0.776 1.000
v1267	2.434 0.474 2.464	0.000 -0.866 -0.501	0.776 0.776 0.776 1.000
v1268	2.442 0.467 2.476	0.000 -0.866 -0.501	0.776 0.776 0.776 1.000
v1269	3.376 0.747 1.992	0.000 -0.866 -0.501	0.776 0.776 0.776 1.000
v1270	3.398 0.893 1.739	0.001 -0.866 -0.500	0.776 0.776 0.776 1.000
v1271	3.381 0.349 2.682	0.001 -0.866 -0.500	0.776 0.776 0.776 1.000
v1272	3.397 0.349 2.682	0.001 -0.866 -0.500	0.776 0.776 0.776 1.000
v1273	3.381 0.893 1.739	0.001 -0.866 -0.500	0.776 0.776 0.776 1.000
v1274	2.473 0.749 1.988	0.001 -0.866 -0.501	0.776 0.776 0.776 1.000
v1275	3.416 0.477 2.459	0.001 -0.866 -0.501	0.776 0.776 0.776 1.000
v1276	3.424 0.484 2.447	0.001 -0.866 -0.501	0.776 0.776 0.776 1.000
v1277	2.481 0.756 1.976	0.001 -0.866 -0.501	0.776 0.776 0.776 1.000
v1278	2.941 0.889 1.746	-0.005 -0.866 -0.500	0.776 0.776 0.776 1.000
v1279	2.941 0.345 2.689	-0.005 -0.866 -0.500	0.776 0.776 0.776 1.000
v1280	2.957 0.345 2.689	-0.005 -0.866 -0.500	0.776 0.776 0.776 1.000
v1281	2.957 0.889 1.746	-0.005 -0.866 -0.500	0.776 0.776 0.776 1.000
v1282	2.516 0.887 1.749	-0.006 -0.866 -0.500	0.776 0.776 0.776 1.000
v1283	2.499 0.343 2.692	-0.006 -0.866 -0.500	0.776 0.776 0.776 1.000
v1284	2.516 0.343 2.692	-0.006 -0.866 -0.500	0.776 0.776 0.776 1.000
v1285	2.500 0.887 1.749	-0.006 -0.866 -0.500	0.776 0.776 0.776 1.000
v1286	3.201 0.942 1.654	0.002 -0.868 -0.497	0.776 0.776 0.776 1.000
v1287	2.251 0.676 2.114	0.002 -0.868 -0.497	0.776 0.776 0.776 1.000
v1288	2.259 0.669 2.126	0.002 -0.868 -0.497	0.776 0.776 0.776 1.000
v1289	3.193 0.949 1.642	0.002 -0.868 -0.497	0.776 0.776 0.776 1.000
v1290	2.694 0.941 1.656	0.005 -0.862 -0.507	0.776 0.776 0.776 1.000
v1291	3.637 0.669 2.126	0.005 -0.862 -0.507	0.776 0.776 0.776 1.000
v1292	3.645 0.676 2.114	0.005 -0.862 -0.507	0.776 0.776 0.776 1.000
v1293	2.702 0.948 1.643	0.005 -0.862 -0.507	0.776 0.776 0.776 1.000
f3 4 7 3
f3 8 7 4
f3 5 658 659
f3 6 658 5
f3 660 661 662
f3 663 660 662
f3 664 9 665
f3 0 1 2
f3 666 667 668
f3 669 666 668
f3 670 671 672
f3 673 671 670
f3 674 675 676
f3 677 674 676
f3 678 679 680
f3 681 664 679
f3 11 10 16
f3 17 11 16
f3 682 683 18
f3 12 682 18
f3 684 19 13
f3 685 684 13
f3 686 20 14
f3 687 686 14
f3 688 689 21
f3 15 688 21
f3 690 691 692
f3 693 690 692
f3 694 695 696
f3 697 695 694
f3 698 697 694
f3 699 697 698
f3 700 701 702
f3 703 700 702
f3 704 700 703
f3 705 704 703
f3 23 27 22
f3 26 27 23
f3 24 26 23
f3 25 26 24
f3 706 707 708
f3 709 706 708
f3 710 706 709
f3 711 710 709
f3 29 33 28
f3 32 33 29
f3 30 32 29
f3 31 32 30
f3 712 713 714
f3 715 712 714
f3 716 712 715
f3 717 716 715
f3 34 36 35
f3 37 36 34
f3 718 719 720
f3 721 718 720
f3 43 42 41
f3 40 43 41
f3 722 723 724
f3 725 723 722
f3 47 51 46
f3 50 51 47
f3 48 50 47
f3 49 50 48
f3 726 727 728
f3 729 726 728
f3 730 726 729
f3 731 730 729
f3 53 57 52
f3 56 57 53
f3 54 56 53
f3 55 56 54
f3 732 733 734
f3 735 732 734
f3 736 732 735
f3 737 736 735
f3 59 63 58
f3 62 63 59
f3 60 62 59
f3 61 62 60
f3 738 739 740
f3 741 738 740
f3 742 738 741
f3 743 742 741
f3 65 69 64
f3 68 69 65
f3 66 68 65
f3 67 68 66
f3 744 745 746
f3 747 744 746
f3 748 744 747
f3 749 748 747
f3 70 73 72
f3 71 70 72
f3 750 751 752
f3 753 751 750
f3 77 81 76
f3 80 81 77
f3 78 80 77
f3 79 80 78
f3 754 755 756
f3 757 754 756
f3 758 754 757
f3 759 758 757
f3 84 82 85
f3 83 82 84
f3 760 761 762
f3 763 760 762
f3 92 93 88
f3 89 92 88
f3 91 92 89
f3 90 91 89
f3 764 765 766
f3 767 765 764
f3 768 767 764
f3 769 767 768
f3 96 94 97
f3 95 94 96
f3 770 771 772
f3 773 770 772
f3 103 101 100
f3 102 101 103
f3 774 775 776
f3 777 774 776
f3 110 111 106
f3 107 110 106
f3 109 110 107
f3 108 109 107
f3 778 779 780
f3 781 779 778
f3 782 781 778
f3 783 781 782
f3 114 113 112
f3 115 114 112
f3 784 785 786
f3 787 785 784
f3 119 123 118
f3 122 123 119
f3 120 122 119
f3 121 122 120
f3 788 789 790
f3 791 788 790
f3 792 788 791
f3 793 792 791
f3 125 124 127
f3 126 125 127
f3 794 795 796
f3 797 795 794
f3 131 135 130
f3 134 135 131
f3 132 134 131
f3 133 134 132
f3 798 799 800
f3 801 798 800
f3 802 798 801
f3 803 802 801
f3 136 139 138
f3 137 136 138
f3 804 805 806
f3 807 805 804
f3 143 147 142
f3 146 147 143
f3 144 146 143
f3 145 146 144
f3 808 809 810
f3 811 808 810
f3 812 808 811
f3 813 812 811
f3 148 151 150
f3 149 148 150
f3 814 815 816
f3 817 815 814
f3 158 159 154
f3 155 158 154
f3 157 158 155
f3 156 157 155
f3 818 819 820
f3 821 819 818
f3 822 821 818
f3 823 821 822
f3 161 165 160
f3 164 165 161
f3 162 164 161
f3 163 164 162
f3 824 825 826
f3 827 824 826
f3 828 824 827
f3 829 828 827
f3 168 167 166
f3 169 168 166
f3 830 831 832
f3 833 831 830
f3 176 177 172
f3 173 176 172
f3 175 176 173
f3 174 175 173
f3 834 835 836
f3 837 835 834
f3 838 837 834
f3 839 837 838
f3 178 180 179
f3 181 180 178
f3 840 841 842
f3 843 840 842
f3 188 189 184
f3 185 188 184
f3 187 188 185
f3 186 187 185
f3 844 845 846
f3 847 845 844
f3 848 847 844
f3 849 847 848
f3 192 190 191
f3 193 192 191
f3 850 851 852
f3 853 851 850
f3 194 197 196
f3 195 197 194
f3 854 855 856
f3 857 854 856
f3 200 198 199
f3 201 200 199
f3 858 859 860
f3 861 859 858
f3 204 202 203
f3 205 204 203
f3 862 863 864
f3 865 863 862
f3 206 209 208
f3 207 209 206
f3 866 867 868
f3 869 866 868
f3 213 210 211
f3 212 210 213
f3 870 871 872
f3 873 870 872
f3 216 214 215
f3 217 216 215
f3 874 875 876
f3 877 875 874
f3 220 218 219
f3 221 220 219
f3 878 879 880
f3 881 879 878
f3 222 225 224
f3 223 225 222
f3 882 883 884
f3 885 882 884
f3 227 226 232
f3 233 227 232
f3 886 887 234
f3 228 886 234
f3 888 235 229
f3 889 888 229
f3 890 236 230
f3 891 890 230
f3 892 893 237
f3 231 892 237
f3 894 895 896
f3 897 894 896
f3 898 899 900
f3 901 899 898
f3 902 901 898
f3 903 901 902
f3 904 905 906
f3 907 904 906
f3 908 904 907
f3 909 908 907
f3 239 243 238
f3 242 243 239
f3 240 242 239
f3 241 242 240
f3 910 911 912
f3 913 910 912
f3 914 910 913
f3 915 914 913
f3 245 249 244
f3 248 249 245
f3 246 248 245
f3 247 248 246
f3 916 917 918
f3 919 916 918
f3 920 916 919
f3 921 920 919
f3 250 252 251
f3 253 252 250
f3 922 923 924
f3 925 922 924
f3 259 258 257
f3 256 259 257
f3 926 927 928
f3 929 927 926
f3 263 267 262
f3 266 267 263
f3 264 266 263
f3 265 266 264
f3 930 931 932
f3 933 930 932
f3 934 930 933
f3 935 934 933
f3 269 273 268
f3 272 273 269
f3 270 272 269
f3 271 272 270
f3 936 937 938
f3 939 936 938
f3 940 936 939
f3 941 940 939
f3 275 279 274
f3 278 279 275
f3 276 278 275
f3 277 278 276
f3 942 943 944
f3 945 942 944
f3 946 942 945
f3 947 946 945
f3 281 285 280
f3 284 285 281
f3 282 284 281
f3 283 284 282
f3 948 949 950
f3 951 948 950
f3 952 948 951
f3 953 952 951
f3 286 289 288
f3 287 286 288
f3 954 955 956
f3 957 955 954
f3 293 297 292
f3 296 297 293
f3 294 296 293
f3 295 296 294
f3 958 959 960
f3 961 958 960
f3 962 958 961
f3 963 962 961
f3 300 298 301
f3 299 298 300
f3 964 965 966
f3 967 964 966
f3 308 309 304
f3 305 308 304
f3 307 308 305
f3 306 307 305
f3 968 969 970
f3 971 969 968
f3 972 971 968
f3 973 971 972
f3 312 310 313
f3 311 310 312
f3 974 975 976
f3 977 974 976
f3 319 317 316
f3 318 317 319
f3 978 979 980
f3 981 978 980
f3 326 327 322
f3 323 326 322
f3 325 326 323
f3 324 325 323
f3 982 983 984
f3 985 983 982
f3 986 985 982
f3 987 985 986
f3 330 329 328
f3 331 330 328
f3 988 989 990
f3 991 989 988
f3 335 339 334
f3 338 339 335
f3 336 338 335
f3 337 338 336
f3 992 993 994
f3 995 992 994
f3 996 992 995
f3 997 996 995
f3 341 340 343
f3 342 341 343
f3 998 999 1000
f3 1001 999 998
f3 347 351 346
f3 350 351 347
f3 348 350 347
f3 349 350 348
f3 1002 1003 1004
f3 1005 1002 1004
f3 1006 1002 1005
f3 1007 1006 1005
f3 352 355 354
f3 353 352 354
f3 1008 1009 1010
f3 1011 1009 1008
f3 359 363 358
f3 362 363 359
f3 360 362 359
f3 361 362 360
f3 1012 1013 1014
f3 1015 1012 1014
f3 1016 1012 1015
f3 1017 1016 1015
f3 364 367 366
f3 365 364 366
f3 1018 1019 1020
f3 1021 1019 1018
f3 374 375 370
f3 371 374 370
f3 373 374 371
f3 372 373 371
f3 1022 1023 1024
f3 1025 1023 1022
f3 1026 1025 1022
f3 1027 1025 1026
f3 377 381 376
f3 380 381 377
f3 378 380 377
f3 379 380 378
f3 1028 1029 1030
f3 1031 1028 1030
f3 1032 1028 1031
f3 1033 1032 1031
f3 384 383 382
f3 385 384 382
f3 1034 1035 1036
f3 1037 1035 1034
f3 392 393 388
f3 389 392 388
f3 391 392 389
f3 390 391 389
f3 1038 1039 1040
f3 1041 1039 1038
f3 1042 1041 1038
f3 1043 1041 1042
f3 394 396 395
f3 397 396 394
f3 1044 1045 1046
f3 1047 1044 1046
f3 404 405 400
f3 401 404 400
f3 403 404 401
f3 402 403 401
f3 1048 1049 1050
f3 1051 1049 1048
f3 1052 1051 1048
f3 1053 1051 1052
f3 408 406 407
f3 409 408 407
f3 1054 1055 1056
f3 1057 1055 1054
f3 410 413 412
f3 411 413 410
f3 1058 1059 1060
f3 1061 1058 1060
f3 416 414 415
f3 417 416 415
f3 1062 1063 1064
f3 1065 1063 1062
f3 420 418 419
f3 421 420 419
f3 1066 1067 1068
f3 1069 1067 1066
f3 422 425 424
f3 423 425 422
f3 1070 1071 1072
f3 1073 1070 1072
f3 429 426 427
f3 428 426 429
f3 1074 1075 1076
f3 1077 1074 1076
f3 432 430 431
f3 433 432 431
f3 1078 1079 1080
f3 1081 1079 1078
f3 436 434 435
f3 437 436 435
f3 1082 1083 1084
f3 1085 1083 1082
f3 438 441 440
f3 439 441 438
f3 1086 1087 1088
f3 1089 1086 1088
f3 443 442 448
f3 449 443 448
f3 1090 1091 450
f3 444 1090 450
f3 1092 451 445
f3 1093 1092 445
f3 1094 452 446
f3 1095 1094 446
f3 1096 1097 453
f3 447 1096 453
f3 1098 1099 1100
f3 1101 1098 1100
f3 1102 1103 1104
f3 1105 1103 1102
f3 1106 1105 1102
f3 1107 1105 1106
f3 1108 1109 1110
f3 1111 1108 1110
f3 1112 1108 1111
f3 1113 1112 1111
f3 455 459 454
f3 458 459 455
f3 456 458 455
f3 457 458 456
f3 1114 1115 1116
f3 1117 1114 1116
f3 1118 1114 1117
f3 1119 1118 1117
f3 461 465 460
f3 464 465 461
f3 462 464 461
f3 463 464 462
f3 1120 1121 1122
f3 1123 1120 1122
f3 1124 1120 1123
f3 1125 1124 1123
f3 466 468 467
f3 469 468 466
f3 1126 1127 1128
f3 1129 1126 1128
f3 475 474 473
f3 472 475 473
f3 1130 1131 1132
f3 1133 1131 1130
f3 479 483 478
f3 482 483 479
f3 480 482 479
f3 481 482 480
f3 1134 1135 1136
f3 1137 1134 1136
f3 1138 1134 1137
f3 1139 1138 1137
f3 485 489 484
f3 488 489 485
f3 486 488 485
f3 487 488 486
f3 1140 1141 1142
f3 1143 1140 1142
f3 1144 1140 1143
f3 1145 1144 1143
f3 491 495 490
f3 494 495 491
f3 492 494 491
f3 493 494 492
f3 1146 1147 1148
f3 1149 1146 1148
f3 1150 1146 1149
f3 1151 1150 1149
f3 497 501 496
f3 500 501 497
f3 498 500 497
f3 499 500 498
f3 1152 1153 1154
f3 1155 1152 1154
f3 1156 1152 1155
f3 1157 1156 1155
f3 502 505 504
f3 503 502 504
f3 1158 1159 1160
f3 1161 1159 1158
f3 509 513 508
f3 512 513 509
f3 510 512 509
f3 511 512 510
f3 1162 1163 1164
f3 1165 1162 1164
f3 1166 1162 1165
f3 1167 1166 1165
f3 516 514 517
f3 515 514 516
f3 1168 1169 1170
f3 1171 1168 1170
f3 524 525 520
f3 521 524 520
f3 523 524 521
f3 522 523 521
f3 1172 1173 1174
f3 1175 1173 1172
f3 1176 1175 1172
f3 1177 1175 1176
f3 528 526 529
f3 527 526 528
f3 1178 1179 1180
f3 1181 1178 1180
f3 535 533 532
f3 534 533 535
f3 1182 1183 1184
f3 1185 1182 1184
f3 542 543 538
f3 539 542 538
f3 541 542 539
f3 540 541 539
f3 1186 1187 1188
f3 1189 1187 1186
f3 1190 1189 1186
f3 1191 1189 1190
f3 546 545 544
f3 547 546 544
f3 1192 1193 1194
f3 1195 1193 1192
f3 551 555 550
f3 554 555 551
f3 552 554 551
f3 553 554 552
f3 1196 1197 1198
f3 1199 1196 1198
f3 1200 1196 1199
f3 1201 1200 1199
f3 557 556 559
f3 558 557 559
f3 1202 1203 1204
f3 1205 1203 1202
f3 563 567 562
f3 566 567 563
f3 564 566 563
f3 565 566 564
f3 1206 1207 1208
f3 1209 1206 1208
f3 1210 1206 1209
f3 1211 1210 1209
f3 568 571 570
f3 569 568 570
f3 1212 1213 1214
f3 1215 1213 1212
f3 575 579 574
f3 578 579 575
f3 576 578 575
f3 577 578 576
f3 1216 1217 1218
f3 1219 1216 1218
f3 1220 1216 1219
f3 1221 1220 1219
f3 580 583 582
f3 581 580 582
f3 1222 1223 1224
f3 1225 1223 1222
f3 590 591 586
f3 587 590 586
f3 589 590 587
f3 588 589 587
f3 1226 1227 1228
f3 1229 1227 1226
f3 1230 1229 1226
f3 1231 1229 1230
f3 596 597 592
f3 593 596 592
f3 595 596 593
f3 594 595 593
f3 1232 1233 1234
f3 1235 1233 1232
f3 1236 1235 1232
f3 1237 1235 1236
f3 600 599 598
f3 601 600 598
f3 1238 1239 1240
f3 1241 1239 1238
f3 608 609 604
f3 605 608 604
f3 607 608 605
f3 606 607 605
f3 1242 1243 1244
f3 1245 1243 1242
f3 1246 1245 1242
f3 1247 1245 1246
f3 610 612 611
f3 613 612 610
f3 1248 1249 1250
f3 1251 1248 1250
f3 620 621 616
f3 617 620 616
f3 619 620 617
f3 618 619 617
f3 1252 1253 1254
f3 1255 1253 1252
f3 1256 1255 1252
f3 1257 1255 1256
f3 624 622 623
f3 625 624 623
f3 1258 1259 1260
f3 1261 1259 1258
f3 626 629 628
f3 627 629 626
f3 1262 1263 1264
f3 1265 1262 1264
f3 632 630 631
f3 633 632 631
f3 1266 1267 1268
f3 1269 1267 1266
f3 636 634 635
f3 637 636 635
f3 1270 1271 1272
f3 1273 1271 1270
f3 638 641 640
f3 639 641 638
f3 1274 1275 1276
f3 1277 1274 1276
f3 645 642 643
f3 644 642 645
f3 1278 1279 1280
f3 1281 1278 1280
f3 648 646 647
f3 649 648 647
f3 1282 1283 1284
f3 1285 1283 1282
f3 652 650 651
f3 653 652 651
f3 1286 1287 1288
f3 1289 1287 1286
f3 654 657 656
f3 655 657 654
f3 1290 1291 1292
f3 1293 1290 1292
