v0	0.050 2.766 0.871	-1.000 0.003 0.001	0.682 0.490 0.180 1.000
v1	0.053 2.766 3.128	-1.000 0.003 0.001	0.682 0.490 0.180 1.000
v2	0.769 2.766 3.785	-0.676 -0.003 0.737	0.682 0.490 0.180 1.000
v3	3.190 2.766 3.784	0.001 -0.007 1.000	0.682 0.490 0.180 1.000
v4	3.904 2.766 3.125	0.678 -0.007 0.735	0.682 0.490 0.180 1.000
v5	3.902 2.766 0.869	1.000 -0.003 -0.001	0.682 0.490 0.180 1.000
v6	3.186 2.766 0.211	0.676 0.003 -0.737	0.682 0.490 0.180 1.000
v7	0.764 2.766 0.213	-0.001 0.007 -1.000	0.682 0.490 0.180 1.000
v8	0.051 3.005 0.873	-1.000 0.003 0.001	0.682 0.490 0.180 1.000
v9	0.053 3.005 3.129	-1.000 0.003 0.001	0.682 0.490 0.180 1.000
v10	0.770 3.005 3.787	-0.676 -0.003 0.737	0.682 0.490 0.180 1.000
v11	3.191 3.005 3.785	0.001 -0.007 1.000	0.682 0.490 0.180 1.000
v12	3.905 3.005 3.126	0.678 -0.007 0.735	0.682 0.490 0.180 1.000
v13	3.903 3.005 0.870	1.000 -0.003 -0.001	0.682 0.490 0.180 1.000
v14	3.186 3.005 0.213	0.676 0.003 -0.737	0.682 0.490 0.180 1.000
v15	0.765 3.005 0.214	-0.001 0.007 -1.000	0.682 0.490 0.180 1.000
v16	0.915 3.005 0.393	0.000 1.000 0.000	0.682 0.490 0.180 1.000
v17	0.914 2.766 0.392	0.000 -1.000 0.000	0.682 0.490 0.180 1.000
v18	3.037 3.005 0.392	0.000 1.000 0.000	0.682 0.490 0.180 1.000
v19	3.037 2.766 0.391	0.000 -1.000 0.000	0.682 0.490 0.180 1.000
v20	3.665 3.005 0.984	0.000 1.000 0.000	0.682 0.490 0.180 1.000
v21	3.665 2.766 0.982	0.000 -1.000 0.000	0.682 0.490 0.180 1.000
v22	3.667 3.005 3.013	0.000 1.000 0.000	0.682 0.490 0.180 1.000
v23	3.667 2.766 3.012	0.000 -1.000 0.000	0.682 0.490 0.180 1.000
v24	3.041 3.005 3.606	0.000 1.000 0.000	0.682 0.490 0.180 1.000
v25	3.041 2.766 3.604	0.000 -1.000 0.000	0.682 0.490 0.180 1.000
v26	0.919 3.005 3.607	0.000 1.000 0.000	0.682 0.490 0.180 1.000
v27	0.918 2.766 3.605	0.000 -1.000 0.000	0.682 0.490 0.180 1.000
v28	0.288 2.766 0.984	0.000 -1.000 0.000	0.682 0.490 0.180 1.000
v29	0.289 3.005 0.986	0.000 1.000 0.000	0.682 0.490 0.180 1.000
v30	0.291 3.005 3.016	0.000 1.000 0.000	0.682 0.490 0.180 1.000
v31	0.290 2.766 3.014	0.000 -1.000 0.000	0.682 0.490 0.180 1.000
v32	0.043 0.171 0.849	-1.000 0.003 0.001	0.682 0.490 0.180 1.000
v33	0.045 0.171 3.105	-1.000 0.003 0.001	0.682 0.490 0.180 1.000
v34	0.761 0.171 3.762	-0.676 -0.004 0.737	0.682 0.490 0.180 1.000
v35	3.183 0.171 3.761	0.001 -0.008 1.000	0.682 0.490 0.180 1.000
v36	3.897 0.171 3.102	0.678 -0.008 0.735	0.682 0.490 0.180 1.000
v37	3.895 0.171 0.846	1.000 -0.003 -0.001	0.682 0.490 0.180 1.000
v38	3.178 0.171 0.189	0.676 0.004 -0.737	0.682 0.490 0.180 1.000
v39	0.757 0.171 0.190	-0.001 0.008 -1.000	0.682 0.490 0.180 1.000
v40	0.044 0.410 0.851	-1.000 0.003 0.001	0.682 0.490 0.180 1.000
v41	0.046 0.410 3.107	-1.000 0.003 0.001	0.682 0.490 0.180 1.000
v42	0.762 0.410 3.764	-0.676 -0.004 0.737	0.682 0.490 0.180 1.000
v43	3.184 0.410 3.763	0.001 -0.008 1.000	0.682 0.490 0.180 1.000
v44	3.898 0.410 3.104	0.678 -0.008 0.735	0.682 0.490 0.180 1.000
v45	3.895 0.410 0.848	1.000 -0.003 -0.001	0.682 0.490 0.180 1.000
v46	3.179 0.410 0.191	0.676 0.004 -0.737	0.682 0.490 0.180 1.000
v47	0.758 0.410 0.192	-0.001 0.008 -1.000	0.682 0.490 0.180 1.000
v48	0.907 0.410 0.371	0.000 1.000 0.000	0.682 0.490 0.180 1.000
v49	0.906 0.171 0.369	0.000 -1.000 0.000	0.682 0.490 0.180 1.000
v50	3.030 0.410 0.370	0.000 1.000 0.000	0.682 0.490 0.180 1.000
v51	3.029 0.171 0.368	0.000 -1.000 0.000	0.682 0.490 0.180 1.000
v52	3.658 0.410 0.961	0.000 1.000 0.000	0.682 0.490 0.180 1.000
v53	3.657 0.171 0.960	0.000 -1.000 0.000	0.682 0.490 0.180 1.000
v54	3.660 0.410 2.991	0.000 1.000 0.000	0.682 0.490 0.180 1.000
v55	3.659 0.171 2.989	0.000 -1.000 0.000	0.682 0.490 0.180 1.000
v56	3.034 0.410 3.584	0.000 1.000 0.000	0.682 0.490 0.180 1.000
v57	3.033 0.171 3.582	0.000 -1.000 0.000	0.682 0.490 0.180 1.000
v58	0.911 0.410 3.585	0.000 1.000 0.000	0.682 0.490 0.180 1.000
v59	0.911 0.171 3.583	0.000 -1.000 0.000	0.682 0.490 0.180 1.000
v60	0.281 0.171 0.962	0.000 -1.000 0.000	0.682 0.490 0.180 1.000
v61	0.281 0.410 0.964	0.000 1.000 0.000	0.682 0.490 0.180 1.000
v62	0.283 0.410 2.993	0.000 1.000 0.000	0.682 0.490 0.180 1.000
v63	0.283 0.171 2.992	0.000 -1.000 0.000	0.682 0.490 0.180 1.000
v64	0.049 3.692 0.875	-1.000 0.002 0.001	0.682 0.490 0.180 1.000
v65	0.051 3.692 3.131	-1.000 0.002 0.001	0.682 0.490 0.180 1.000
v66	0.768 3.692 3.788	-0.676 -0.002 0.737	0.682 0.490 0.180 1.000
v67	3.189 3.692 3.787	0.001 -0.005 1.000	0.682 0.490 0.180 1.000
v68	3.903 3.692 3.128	0.678 -0.005 0.735	0.682 0.490 0.180 1.000
v69	3.901 3.692 0.872	1.000 -0.002 -0.001	0.682 0.490 0.180 1.000
v70	3.184 3.692 0.215	0.676 0.002 -0.737	0.682 0.490 0.180 1.000
v71	0.763 3.692 0.216	-0.001 0.005 -1.000	0.682 0.490 0.180 1.000
v72	0.050 3.931 0.876	-1.000 0.002 0.001	0.682 0.490 0.180 1.000
v73	0.052 3.931 3.132	-1.000 0.002 0.001	0.682 0.490 0.180 1.000
v74	0.768 3.931 3.789	-0.676 -0.002 0.737	0.682 0.490 0.180 1.000
v75	3.189 3.931 3.788	0.001 -0.005 1.000	0.682 0.490 0.180 1.000
v76	3.903 3.931 3.129	0.678 -0.005 0.735	0.682 0.490 0.180 1.000
v77	3.901 3.931 0.873	1.000 -0.002 -0.001	0.682 0.490 0.180 1.000
v78	3.185 3.931 0.216	0.676 0.002 -0.737	0.682 0.490 0.180 1.000
v79	0.763 3.931 0.217	-0.001 0.005 -1.000	0.682 0.490 0.180 1.000
v80	0.913 3.931 0.396	0.000 1.000 0.000	0.682 0.490 0.180 1.000
v81	0.912 3.692 0.395	0.000 -1.000 0.000	0.682 0.490 0.180 1.000
v82	3.036 3.931 0.395	0.000 1.000 0.000	0.682 0.490 0.180 1.000
v83	3.035 3.692 0.394	0.000 -1.000 0.000	0.682 0.490 0.180 1.000
v84	3.664 3.931 0.986	0.000 1.000 0.000	0.682 0.490 0.180 1.000
v85	3.663 3.692 0.985	0.000 -1.000 0.000	0.682 0.490 0.180 1.000
v86	3.666 3.931 3.016	0.000 1.000 0.000	0.682 0.490 0.180 1.000
v87	3.665 3.692 3.015	0.000 -1.000 0.000	0.682 0.490 0.180 1.000
v88	3.040 3.931 3.609	0.000 1.000 0.000	0.682 0.490 0.180 1.000
v89	3.039 3.692 3.608	0.000 -1.000 0.000	0.682 0.490 0.180 1.000
v90	0.917 3.931 3.610	0.000 1.000 0.000	0.682 0.490 0.180 1.000
v91	0.917 3.692 3.609	0.000 -1.000 0.000	0.682 0.490 0.180 1.000
v92	0.287 3.692 0.988	0.000 -1.000 0.000	0.682 0.490 0.180 1.000
v93	0.287 3.931 0.989	0.000 1.000 0.000	0.682 0.490 0.180 1.000
v94	0.289 3.931 3.018	0.000 1.000 0.000	0.682 0.490 0.180 1.000
v95	0.289 3.692 3.017	0.000 -1.000 0.000	0.682 0.490 0.180 1.000
v96	0.620 -0.007 0.619	0.707 0.000 -0.707	0.682 0.490 0.180 1.000
v97	0.620 3.810 0.619	0.707 0.000 -0.707	0.682 0.490 0.180 1.000
v98	0.508 -0.007 0.507	0.707 0.000 -0.707	0.682 0.490 0.180 1.000
v99	0.508 3.810 0.507	0.707 0.000 -0.707	0.682 0.490 0.180 1.000
v100	0.508 -0.007 0.732	0.000 -1.000 0.000	0.682 0.490 0.180 1.000
v101	0.396 -0.007 0.620	0.000 -1.000 0.000	0.682 0.490 0.180 1.000
v102	0.396 3.810 0.620	-0.707 0.000 -0.707	0.682 0.490 0.180 1.000
v103	0.508 3.810 0.732	0.000 1.000 0.000	0.682 0.490 0.180 1.000
v104	0.555 -0.007 3.326	0.707 0.000 -0.707	0.682 0.490 0.180 1.000
v105	0.555 3.810 3.326	0.707 0.000 -0.707	0.682 0.490 0.180 1.000
v106	0.443 -0.007 3.213	0.707 0.000 -0.707	0.682 0.490 0.180 1.000
v107	0.443 3.810 3.213	0.707 0.000 -0.707	0.682 0.490 0.180 1.000
v108	0.443 -0.007 3.438	0.000 -1.000 0.000	0.682 0.490 0.180 1.000
v109	0.331 -0.007 3.326	0.000 -1.000 0.000	0.682 0.490 0.180 1.000
v110	0.331 3.810 3.326	-0.707 0.000 -0.707	0.682 0.490 0.180 1.000
v111	0.443 3.810 3.438	0.000 1.000 0.000	0.682 0.490 0.180 1.000
v112	3.542 -0.007 0.600	0.707 0.000 -0.707	0.682 0.490 0.180 1.000
v113	3.542 3.810 0.600	0.707 0.000 -0.707	0.682 0.490 0.180 1.000
v114	3.430 -0.007 0.488	0.707 0.000 -0.707	0.682 0.490 0.180 1.000
v115	3.430 3.810 0.488	0.707 0.000 -0.707	0.682 0.490 0.180 1.000
v116	3.429 -0.007 0.712	0.000 -1.000 0.000	0.682 0.490 0.180 1.000
v117	3.317 -0.007 0.600	0.000 -1.000 0.000	0.682 0.490 0.180 1.000
v118	3.317 3.810 0.600	-0.707 0.000 -0.707	0.682 0.490 0.180 1.000
v119	3.429 3.810 0.712	0.000 1.000 0.000	0.682 0.490 0.180 1.000
v120	3.584 -0.007 3.358	0.707 0.000 -0.707	0.682 0.490 0.180 1.000
v121	3.584 3.810 3.358	0.707 0.000 -0.707	0.682 0.490 0.180 1.000
v122	3.472 -0.007 3.246	0.707 0.000 -0.707	0.682 0.490 0.180 1.000
v123	3.472 3.810 3.246	0.707 0.000 -0.707	0.682 0.490 0.180 1.000
v124	3.472 -0.007 3.471	0.000 -1.000 0.000	0.682 0.490 0.180 1.000
v125	3.360 -0.007 3.358	0.000 -1.000 0.000	0.682 0.490 0.180 1.000
v126	3.360 3.810 3.358	-0.707 0.000 -0.707	0.682 0.490 0.180 1.000
v127	3.472 3.810 3.471	0.000 1.000 0.000	0.682 0.490 0.180 1.000
v128	0.269 -0.004 1.994	0.000 -1.000 0.000	0.737 0.737 0.737 1.000
v129	0.730 -0.004 2.793	0.000 -1.000 0.000	1.000 1.000 1.000 1.000
v130	1.652 -0.004 2.793	0.000 -1.000 0.000	0.737 0.737 0.737 1.000
v131	2.113 -0.004 1.994	0.000 -1.000 0.000	0.737 0.737 0.737 1.000
v132	1.652 -0.004 1.196	0.000 -1.000 0.000	0.737 0.737 0.737 1.000
v133	0.730 -0.004 1.196	0.000 -1.000 0.000	1.000 1.000 1.000 1.000
v134	0.657 5.432 1.994	0.746 0.508 -0.431	0.000 0.000 0.000 1.000
v135	0.924 5.432 2.456	0.744 0.514 -0.427	0.000 0.000 0.000 1.000
v136	1.458 5.432 2.456	0.000 0.532 -0.847	0.000 0.000 0.000 1.000
v137	1.724 5.432 1.994	-0.744 0.515 -0.427	0.000 0.000 0.000 1.000
v138	1.458 5.432 1.532	-0.744 0.514 0.427	0.000 0.000 0.000 1.000
v139	0.924 5.432 1.532	0.000 0.532 0.847	0.000 0.000 0.000 1.000
v140	0.730 5.428 1.196	-0.852 0.181 -0.491	0.737 0.737 0.737 1.000
v141	0.269 5.428 1.994	-0.866 0.000 -0.500	0.737 0.737 0.737 1.000
v142	0.730 5.428 2.793	-0.852 0.181 0.492	0.737 0.737 0.737 1.000
v143	1.652 5.428 2.793	0.000 0.178 0.984	0.737 0.737 0.737 1.000
v144	2.113 5.428 1.994	0.866 0.000 0.500	0.737 0.737 0.737 1.000
v145	1.652 5.428 1.196	0.834 0.273 -0.480	0.737 0.737 0.737 1.000
v146	0.797 5.611 1.307	-0.739 0.525 -0.423	0.000 0.000 0.000 1.000
v147	0.403 5.611 1.994	-0.735 0.530 -0.423	0.000 0.000 0.000 1.000
v148	0.797 5.611 2.682	-0.735 0.531 0.422	0.000 0.000 0.000 1.000
v149	1.585 5.611 2.682	0.000 0.516 0.856	0.000 0.000 0.000 1.000
v150	1.978 5.611 1.994	0.735 0.530 0.423	0.000 0.000 0.000 1.000
v151	1.585 5.611 1.307	0.739 0.525 -0.423	0.000 0.000 0.000 1.000
v152	0.862 5.613 1.419	0.000 0.532 0.847	0.000 0.000 0.000 1.000
v153	0.534 5.613 1.994	0.744 0.514 -0.427	0.000 0.000 0.000 1.000
v154	0.862 5.613 2.570	0.742 0.519 -0.424	0.000 0.000 0.000 1.000
v155	1.519 5.613 2.570	0.000 0.532 -0.847	0.000 0.000 0.000 1.000
v156	1.848 5.613 1.994	-0.748 0.509 -0.426	0.000 0.000 0.000 1.000
v157	1.519 5.613 1.419	-0.742 0.519 0.424	0.000 0.000 0.000 1.000
v158	0.996 5.438 1.813	-0.866 0.000 0.500	0.235 0.235 0.235 1.000
v159	1.058 5.438 1.920	-0.866 0.000 0.500	0.235 0.235 0.235 1.000
v160	1.182 5.438 1.920	0.000 0.000 1.000	0.235 0.235 0.235 1.000
v161	1.244 5.438 1.813	0.866 0.000 0.500	0.235 0.235 0.235 1.000
v162	1.182 5.438 1.705	0.866 0.000 -0.500	0.235 0.235 0.235 1.000
v163	1.058 5.438 1.705	0.000 0.000 -1.000	0.235 0.235 0.235 1.000
v164	0.996 5.580 1.813	-0.866 0.000 0.500	0.235 0.235 0.235 1.000
v165	1.058 5.580 1.920	-0.866 0.000 0.500	0.235 0.235 0.235 1.000
v166	1.182 5.580 1.920	0.000 0.000 1.000	0.235 0.235 0.235 1.000
v167	1.244 5.580 1.813	0.866 0.000 0.500	0.000 0.000 0.000 1.000
v168	1.182 5.580 1.705	0.866 0.000 -0.500	0.235 0.235 0.235 1.000
v169	1.058 5.580 1.705	0.000 0.000 -1.000	0.000 0.000 0.000 1.000
v170	0.901 5.429 2.223	-0.862 0.000 0.507	0.235 0.235 0.235 1.000
v171	0.963 5.429 2.329	-0.862 0.000 0.507	0.235 0.235 0.235 1.000
v172	1.087 5.429 2.329	0.000 0.000 1.000	0.235 0.235 0.235 1.000
v173	1.149 5.429 2.223	0.862 0.000 0.507	0.235 0.235 0.235 1.000
v174	1.087 5.429 2.118	0.862 0.000 -0.507	0.235 0.235 0.235 1.000
v175	0.963 5.429 2.118	0.000 0.000 -1.000	0.235 0.235 0.235 1.000
v176	0.901 5.821 2.223	-0.862 0.000 0.507	0.235 0.235 0.235 1.000
v177	0.963 5.821 2.329	-0.862 0.000 0.507	0.235 0.235 0.235 1.000
v178	1.087 5.821 2.329	0.000 0.000 1.000	0.235 0.235 0.235 1.000
v179	1.149 5.821 2.223	0.862 0.000 0.507	0.000 0.000 0.000 1.000
v180	1.087 5.821 2.118	0.862 0.000 -0.507	0.235 0.235 0.235 1.000
v181	0.963 5.821 2.118	0.000 0.000 -1.000	0.000 0.000 0.000 1.000
v182	1.348 5.433 1.872	-0.866 0.000 0.500	0.235 0.235 0.235 1.000
v183	1.410 5.433 1.979	-0.866 0.000 0.500	0.235 0.235 0.235 1.000
v184	1.534 5.433 1.979	0.000 0.000 1.000	0.235 0.235 0.235 1.000
v185	1.596 5.433 1.872	0.866 0.000 0.500	0.235 0.235 0.235 1.000
v186	1.534 5.433 1.765	0.866 0.000 -0.500	0.235 0.235 0.235 1.000
v187	1.410 5.433 1.765	0.000 0.000 -1.000	0.235 0.235 0.235 1.000
v188	1.348 5.709 1.872	-0.866 0.000 0.500	0.235 0.235 0.235 1.000
v189	1.410 5.709 1.979	-0.866 0.000 0.500	0.235 0.235 0.235 1.000
v190	1.534 5.709 1.979	0.000 0.000 1.000	0.235 0.235 0.235 1.000
v191	1.596 5.709 1.872	0.866 0.000 0.500	0.000 0.000 0.000 1.000
v192	1.534 5.709 1.765	0.866 0.000 -0.500	0.235 0.235 0.235 1.000
v193	1.410 5.709 1.765	0.000 0.000 -1.000	0.000 0.000 0.000 1.000
v194	3.492 -0.004 1.195	0.000 -1.000 0.000	0.737 0.737 0.737 1.000
v195	3.031 -0.004 0.397	0.000 -1.000 0.000	1.000 1.000 1.000 1.000
v196	2.109 -0.004 0.397	0.000 -1.000 0.000	0.737 0.737 0.737 1.000
v197	1.648 -0.004 1.195	0.000 -1.000 0.000	0.737 0.737 0.737 1.000
v198	2.109 -0.004 1.993	0.000 -1.000 0.000	0.737 0.737 0.737 1.000
v199	3.031 -0.004 1.993	0.000 -1.000 0.000	1.000 1.000 1.000 1.000
v200	3.104 4.220 1.195	-0.690 0.605 0.398	0.000 0.000 0.000 1.000
v201	2.837 4.220 0.733	-0.687 0.610 0.394	0.000 0.000 0.000 1.000
v202	2.303 4.220 0.733	0.000 0.629 0.778	0.000 0.000 0.000 1.000
v203	2.037 4.220 1.195	0.686 0.611 0.394	0.000 0.000 0.000 1.000
v204	2.303 4.220 1.657	0.687 0.610 -0.394	0.000 0.000 0.000 1.000
v205	2.837 4.220 1.657	0.000 0.629 -0.778	0.000 0.000 0.000 1.000
v206	3.031 4.217 1.993	0.866 0.000 0.500	0.737 0.737 0.737 1.000
v207	3.492 4.217 1.195	0.866 0.000 0.500	0.737 0.737 0.737 1.000
v208	3.031 4.217 0.397	0.866 0.000 -0.500	0.737 0.737 0.737 1.000
v209	2.109 4.217 0.397	0.000 0.000 -1.000	0.737 0.737 0.737 1.000
v210	1.648 4.217 1.195	-0.866 0.000 -0.500	0.737 0.737 0.737 1.000
v211	2.109 4.217 1.993	-0.866 0.000 0.500	0.737 0.737 0.737 1.000
v212	2.964 4.360 1.883	0.680 0.622 0.389	0.000 0.000 0.000 1.000
v213	3.358 4.360 1.195	0.675 0.627 0.388	0.000 0.000 0.000 1.000
v214	2.964 4.360 0.507	0.675 0.628 -0.388	0.000 0.000 0.000 1.000
v215	2.176 4.360 0.507	0.000 0.613 -0.790	0.000 0.000 0.000 1.000
v216	1.783 4.360 1.195	-0.675 0.627 -0.388	0.000 0.000 0.000 1.000
v217	2.176 4.360 1.883	-0.675 0.628 0.388	0.000 0.000 0.000 1.000
v218	2.899 4.361 1.771	0.000 0.629 -0.778	0.000 0.000 0.000 1.000
v219	3.227 4.361 1.195	-0.687 0.610 0.394	0.000 0.000 0.000 1.000
v220	2.899 4.361 0.619	-0.684 0.616 0.390	0.000 0.000 0.000 1.000
v221	2.242 4.361 0.619	0.000 0.629 0.778	0.000 0.000 0.000 1.000
v222	1.913 4.361 1.195	0.691 0.606 0.394	0.000 0.000 0.000 1.000
v223	2.242 4.361 1.771	0.684 0.616 -0.390	0.000 0.000 0.000 1.000
v224	3.016 4.225 1.223	0.866 0.000 -0.500	0.235 0.235 0.235 1.000
v225	2.954 4.225 1.116	0.866 0.000 -0.500	0.235 0.235 0.235 1.000
v226	2.830 4.225 1.116	0.000 0.000 -1.000	0.235 0.235 0.235 1.000
v227	2.768 4.225 1.223	-0.866 0.000 -0.500	0.235 0.235 0.235 1.000
v228	2.830 4.225 1.331	-0.866 0.000 0.500	0.235 0.235 0.235 1.000
v229	2.954 4.225 1.331	0.000 0.000 1.000	0.235 0.235 0.235 1.000
v230	3.016 4.335 1.223	0.866 0.000 -0.500	0.235 0.235 0.235 1.000
v231	2.954 4.335 1.116	0.866 0.000 -0.500	0.235 0.235 0.235 1.000
v232	2.830 4.335 1.116	0.000 0.000 -1.000	0.235 0.235 0.235 1.000
v233	2.768 4.335 1.223	-0.866 0.000 -0.500	0.000 0.000 0.000 1.000
v234	2.830 4.335 1.331	-0.866 0.000 0.500	0.235 0.235 0.235 1.000
v235	2.954 4.335 1.331	0.000 0.000 1.000	0.000 0.000 0.000 1.000
v236	2.860 4.218 0.966	0.862 0.000 -0.507	0.235 0.235 0.235 1.000
v237	2.798 4.218 0.861	0.862 0.000 -0.507	0.235 0.235 0.235 1.000
v238	2.674 4.218 0.861	0.000 0.000 -1.000	0.235 0.235 0.235 1.000
v239	2.612 4.218 0.966	-0.862 0.000 -0.507	0.235 0.235 0.235 1.000
v240	2.674 4.218 1.072	-0.862 0.000 0.507	0.235 0.235 0.235 1.000
v241	2.798 4.218 1.072	0.000 0.000 1.000	0.235 0.235 0.235 1.000
v242	2.860 4.523 0.966	0.862 0.000 -0.507	0.235 0.235 0.235 1.000
v243	2.798 4.523 0.861	0.862 0.000 -0.507	0.235 0.235 0.235 1.000
v244	2.674 4.523 0.861	0.000 0.000 -1.000	0.235 0.235 0.235 1.000
v245	2.612 4.523 0.966	-0.862 0.000 -0.507	0.000 0.000 0.000 1.000
v246	2.674 4.523 1.072	-0.862 0.000 0.507	0.235 0.235 0.235 1.000
v247	2.798 4.523 1.072	0.000 0.000 1.000	0.000 0.000 0.000 1.000
v248	2.413 4.222 1.317	0.866 0.000 -0.500	0.235 0.235 0.235 1.000
v249	2.351 4.222 1.210	0.866 0.000 -0.500	0.235 0.235 0.235 1.000
v250	2.227 4.222 1.210	0.000 0.000 -1.000	0.235 0.235 0.235 1.000
v251	2.165 4.222 1.317	-0.866 0.000 -0.500	0.235 0.235 0.235 1.000
v252	2.227 4.222 1.425	-0.866 0.000 0.500	0.235 0.235 0.235 1.000
v253	2.351 4.222 1.425	0.000 0.000 1.000	0.235 0.235 0.235 1.000
v254	2.413 4.436 1.317	0.866 0.000 -0.500	0.235 0.235 0.235 1.000
v255	2.351 4.436 1.210	0.866 0.000 -0.500	0.235 0.235 0.235 1.000
v256	2.227 4.436 1.210	0.000 0.000 -1.000	0.235 0.235 0.235 1.000
v257	2.165 4.436 1.317	-0.866 0.000 -0.500	0.000 0.000 0.000 1.000
v258	2.227 4.436 1.425	-0.866 0.000 0.500	0.235 0.235 0.235 1.000
v259	2.351 4.436 1.425	0.000 0.000 1.000	0.000 0.000 0.000 1.000
v260	3.489 -0.004 2.796	0.000 -1.000 0.000	0.737 0.737 0.737 1.000
v261	3.028 -0.004 1.998	0.000 -1.000 0.000	1.000 1.000 1.000 1.000
v262	2.106 -0.004 1.998	0.000 -1.000 0.000	0.737 0.737 0.737 1.000
v263	1.645 -0.004 2.796	0.000 -1.000 0.000	0.737 0.737 0.737 1.000
v264	2.106 -0.004 3.594	0.000 -1.000 0.000	0.737 0.737 0.737 1.000
v265	3.028 -0.004 3.594	0.000 -1.000 0.000	1.000 1.000 1.000 1.000
v266	3.100 4.587 2.796	-0.710 0.573 0.410	0.000 0.000 0.000 1.000
v267	2.834 4.587 2.334	-0.708 0.578 0.406	0.000 0.000 0.000 1.000
v268	2.300 4.587 2.334	0.000 0.597 0.802	0.000 0.000 0.000 1.000
v269	2.034 4.587 2.796	0.707 0.579 0.406	0.000 0.000 0.000 1.000
v270	2.300 4.587 3.258	0.708 0.578 -0.406	0.000 0.000 0.000 1.000
v271	2.834 4.587 3.258	0.000 0.597 -0.802	0.000 0.000 0.000 1.000
v272	3.028 4.584 3.594	0.866 0.000 0.500	0.737 0.737 0.737 1.000
v273	3.489 4.584 2.796	0.866 0.000 0.500	0.737 0.737 0.737 1.000
v274	3.028 4.584 1.998	0.866 0.000 -0.500	0.737 0.737 0.737 1.000
v275	2.106 4.584 1.998	0.000 0.000 -1.000	0.737 0.737 0.737 1.000
v276	1.645 4.584 2.796	-0.866 0.000 -0.500	0.737 0.737 0.737 1.000
v277	2.106 4.584 3.594	-0.866 0.000 0.500	0.737 0.737 0.737 1.000
v278	2.961 4.739 3.484	0.701 0.590 0.401	0.000 0.000 0.000 1.000
v279	3.355 4.739 2.796	0.697 0.595 0.401	0.000 0.000 0.000 1.000
v280	2.961 4.739 2.108	0.696 0.596 -0.400	0.000 0.000 0.000 1.000
v281	2.173 4.739 2.108	0.000 0.581 -0.814	0.000 0.000 0.000 1.000
v282	1.779 4.739 2.796	-0.697 0.595 -0.401	0.000 0.000 0.000 1.000
v283	2.173 4.739 3.484	-0.696 0.596 0.400	0.000 0.000 0.000 1.000
v284	2.895 4.740 3.372	0.000 0.597 -0.802	0.000 0.000 0.000 1.000
v285	3.224 4.740 2.796	-0.708 0.578 0.406	0.000 0.000 0.000 1.000
v286	2.895 4.740 2.220	-0.705 0.584 0.402	0.000 0.000 0.000 1.000
v287	2.239 4.740 2.220	0.000 0.597 0.802	0.000 0.000 0.000 1.000
v288	1.910 4.740 2.796	0.711 0.574 0.406	0.000 0.000 0.000 1.000
v289	2.239 4.740 3.372	0.705 0.584 -0.402	0.000 0.000 0.000 1.000
v290	2.410 4.589 2.918	0.866 0.000 -0.500	0.235 0.235 0.235 1.000
v291	2.348 4.589 2.811	0.866 0.000 -0.500	0.235 0.235 0.235 1.000
v292	2.224 4.589 2.811	0.000 0.000 -1.000	0.235 0.235 0.235 1.000
v293	2.162 4.589 2.918	-0.866 0.000 -0.500	0.235 0.235 0.235 1.000
v294	2.224 4.589 3.026	-0.866 0.000 0.500	0.235 0.235 0.235 1.000
v295	2.348 4.589 3.026	0.000 0.000 1.000	0.235 0.235 0.235 1.000
v296	2.410 4.821 2.918	0.866 0.000 -0.500	0.235 0.235 0.235 1.000
v297	2.348 4.821 2.811	0.866 0.000 -0.500	0.235 0.235 0.235 1.000
v298	2.224 4.821 2.811	0.000 0.000 -1.000	0.235 0.235 0.235 1.000
v299	2.162 4.821 2.918	-0.866 0.000 -0.500	0.000 0.000 0.000 1.000
v300	2.224 4.821 3.026	-0.866 0.000 0.500	0.235 0.235 0.235 1.000
v301	2.348 4.821 3.026	0.000 0.000 1.000	0.000 0.000 0.000 1.000
v302	0.053 2.766 3.128	-0.676 -0.003 0.737	0.682 0.490 0.180 1.000
v303	0.053 3.005 3.129	-0.676 -0.003 0.737	0.682 0.490 0.180 1.000
v304	0.769 2.766 3.785	0.001 -0.007 1.000	0.682 0.490 0.180 1.000
v305	0.770 3.005 3.787	0.001 -0.007 1.000	0.682 0.490 0.180 1.000
v306	3.190 2.766 3.784	0.678 -0.007 0.735	0.682 0.490 0.180 1.000
v307	3.191 3.005 3.785	0.678 -0.007 0.735	0.682 0.490 0.180 1.000
v308	3.904 2.766 3.125	1.000 -0.003 -0.001	0.682 0.490 0.180 1.000
v309	3.905 3.005 3.126	1.000 -0.003 -0.001	0.682 0.490 0.180 1.000
v310	3.902 2.766 0.869	0.676 0.003 -0.737	0.682 0.490 0.180 1.000
v311	3.903 3.005 0.870	0.676 0.003 -0.737	0.682 0.490 0.180 1.000
v312	3.186 2.766 0.211	-0.001 0.007 -1.000	0.682 0.490 0.180 1.000
v313	3.186 3.005 0.213	-0.001 0.007 -1.000	0.682 0.490 0.180 1.000
v314	0.764 2.766 0.213	-0.678 0.007 -0.735	0.682 0.490 0.180 1.000
v315	0.051 3.005 0.873	-0.678 0.007 -0.735	0.682 0.490 0.180 1.000
v316	0.050 2.766 0.871	-0.678 0.007 -0.735	0.682 0.490 0.180 1.000
v317	0.765 3.005 0.214	-0.678 0.007 -0.735	0.682 0.490 0.180 1.000
v318	3.191 3.005 3.785	0.000 1.000 0.000	0.682 0.490 0.180 1.000
v319	0.770 3.005 3.787	0.000 1.000 0.000	0.682 0.490 0.180 1.000
v320	0.053 3.005 3.129	0.000 1.000 0.000	0.682 0.490 0.180 1.000
v321	0.051 3.005 0.873	0.000 1.000 0.000	0.682 0.490 0.180 1.000
v322	0.765 3.005 0.214	0.000 1.000 0.000	0.682 0.490 0.180 1.000
v323	3.905 3.005 3.126	0.000 1.000 0.000	0.682 0.490 0.180 1.000
v324	3.903 3.005 0.870	0.000 1.000 0.000	0.682 0.490 0.180 1.000
v325	3.186 3.005 0.213	0.000 1.000 0.000	0.682 0.490 0.180 1.000
v326	3.190 2.766 3.784	0.000 -1.000 0.000	0.682 0.490 0.180 1.000
v327	3.904 2.766 3.125	0.000 -1.000 0.000	0.682 0.490 0.180 1.000
v328	3.902 2.766 0.869	0.000 -1.000 0.000	0.682 0.490 0.180 1.000
v329	3.186 2.766 0.211	0.000 -1.000 0.000	0.682 0.490 0.180 1.000
v330	0.764 2.766 0.213	0.000 -1.000 0.000	0.682 0.490 0.180 1.000
v331	0.769 2.766 3.785	0.000 -1.000 0.000	0.682 0.490 0.180 1.000
v332	0.053 2.766 3.128	0.000 -1.000 0.000	0.682 0.490 0.180 1.000
v333	0.050 2.766 0.871	0.000 -1.000 0.000	0.682 0.490 0.180 1.000
v334	3.667 2.766 3.012	-0.688 0.007 -0.726	0.682 0.490 0.180 1.000
v335	3.041 3.005 3.606	-0.688 0.007 -0.726	0.682 0.490 0.180 1.000
v336	3.041 2.766 3.604	-0.688 0.007 -0.726	0.682 0.490 0.180 1.000
v337	3.667 3.005 3.013	-0.688 0.007 -0.726	0.682 0.490 0.180 1.000
v338	3.667 2.766 3.012	-1.000 0.003 0.001	0.682 0.490 0.180 1.000
v339	3.665 3.005 0.984	-1.000 0.003 0.001	0.682 0.490 0.180 1.000
v340	3.667 3.005 3.013	-1.000 0.003 0.001	0.682 0.490 0.180 1.000
v341	3.665 2.766 0.982	-1.000 0.003 0.001	0.682 0.490 0.180 1.000
v342	0.918 2.766 3.605	0.686 0.003 -0.728	0.682 0.490 0.180 1.000
v343	0.291 3.005 3.016	0.686 0.003 -0.728	0.682 0.490 0.180 1.000
v344	0.290 2.766 3.014	0.686 0.003 -0.728	0.682 0.490 0.180 1.000
v345	0.919 3.005 3.607	0.686 0.003 -0.728	0.682 0.490 0.180 1.000
v346	3.665 2.766 0.982	-0.685 -0.003 0.728	0.682 0.490 0.180 1.000
v347	3.037 2.766 0.391	-0.685 -0.003 0.728	0.682 0.490 0.180 1.000
v348	3.037 3.005 0.392	-0.685 -0.003 0.728	0.682 0.490 0.180 1.000
v349	3.665 3.005 0.984	-0.685 -0.003 0.728	0.682 0.490 0.180 1.000
v350	3.037 2.766 0.391	0.000 -0.007 1.000	0.682 0.490 0.180 1.000
v351	0.914 2.766 0.392	0.000 -0.007 1.000	0.682 0.490 0.180 1.000
v352	0.915 3.005 0.393	0.000 -0.007 1.000	0.682 0.490 0.180 1.000
v353	3.037 3.005 0.392	0.000 -0.007 1.000	0.682 0.490 0.180 1.000
v354	3.041 2.766 3.604	0.000 0.007 -1.000	0.682 0.490 0.180 1.000
v355	0.919 3.005 3.607	0.000 0.007 -1.000	0.682 0.490 0.180 1.000
v356	0.918 2.766 3.605	0.000 0.007 -1.000	0.682 0.490 0.180 1.000
v357	3.041 3.005 3.606	0.000 0.007 -1.000	0.682 0.490 0.180 1.000
v358	0.290 2.766 3.014	1.000 -0.003 -0.001	0.682 0.490 0.180 1.000
v359	0.291 3.005 3.016	1.000 -0.003 -0.001	0.682 0.490 0.180 1.000
v360	0.289 3.005 0.986	1.000 -0.003 -0.001	0.682 0.490 0.180 1.000
v361	0.288 2.766 0.984	1.000 -0.003 -0.001	0.682 0.490 0.180 1.000
v362	0.914 2.766 0.392	0.688 -0.007 0.726	0.682 0.490 0.180 1.000
v363	0.288 2.766 0.984	0.688 -0.007 0.726	0.682 0.490 0.180 1.000
v364	0.289 3.005 0.986	0.688 -0.007 0.726	0.682 0.490 0.180 1.000
v365	0.915 3.005 0.393	0.688 -0.007 0.726	0.682 0.490 0.180 1.000
v366	0.045 0.171 3.105	-0.676 -0.004 0.737	0.682 0.490 0.180 1.000
v367	0.046 0.410 3.107	-0.676 -0.004 0.737	0.682 0.490 0.180 1.000
v368	0.761 0.171 3.762	0.001 -0.008 1.000	0.682 0.490 0.180 1.000
v369	0.762 0.410 3.764	0.001 -0.008 1.000	0.682 0.490 0.180 1.000
v370	3.183 0.171 3.761	0.678 -0.008 0.735	0.682 0.490 0.180 1.000
v371	3.184 0.410 3.763	0.678 -0.008 0.735	0.682 0.490 0.180 1.000
v372	3.897 0.171 3.102	1.000 -0.003 -0.001	0.682 0.490 0.180 1.000
v373	3.898 0.410 3.104	1.000 -0.003 -0.001	0.682 0.490 0.180 1.000
v374	3.895 0.171 0.846	0.676 0.004 -0.737	0.682 0.490 0.180 1.000
v375	3.895 0.410 0.848	0.676 0.004 -0.737	0.682 0.490 0.180 1.000
v376	3.178 0.171 0.189	-0.001 0.008 -1.000	0.682 0.490 0.180 1.000
v377	3.179 0.410 0.191	-0.001 0.008 -1.000	0.682 0.490 0.180 1.000
v378	0.757 0.171 0.190	-0.678 0.008 -0.735	0.682 0.490 0.180 1.000
v379	0.044 0.410 0.851	-0.678 0.008 -0.735	0.682 0.490 0.180 1.000
v380	0.043 0.171 0.849	-0.678 0.008 -0.735	0.682 0.490 0.180 1.000
v381	0.758 0.410 0.192	-0.678 0.008 -0.735	0.682 0.490 0.180 1.000
v382	3.184 0.410 3.763	0.000 1.000 0.000	0.682 0.490 0.180 1.000
v383	0.762 0.410 3.764	0.000 1.000 0.000	0.682 0.490 0.180 1.000
v384	0.046 0.410 3.107	0.000 1.000 0.000	0.682 0.490 0.180 1.000
v385	0.044 0.410 0.851	0.000 1.000 0.000	0.682 0.490 0.180 1.000
v386	0.758 0.410 0.192	0.000 1.000 0.000	0.682 0.490 0.180 1.000
v387	3.898 0.410 3.104	0.000 1.000 0.000	0.682 0.490 0.180 1.000
v388	3.895 0.410 0.848	0.000 1.000 0.000	0.682 0.490 0.180 1.000
v389	3.179 0.410 0.191	0.000 1.000 0.000	0.682 0.490 0.180 1.000
v390	3.183 0.171 3.761	0.000 -1.000 0.000	0.682 0.490 0.180 1.000
v391	3.897 0.171 3.102	0.000 -1.000 0.000	0.682 0.490 0.180 1.000
v392	3.895 0.171 0.846	0.000 -1.000 0.000	0.682 0.490 0.180 1.000
v393	3.178 0.171 0.189	0.000 -1.000 0.000	0.682 0.490 0.180 1.000
v394	0.757 0.171 0.190	0.000 -1.000 0.000	0.682 0.490 0.180 1.000
v395	0.761 0.171 3.762	0.000 -1.000 0.000	0.682 0.490 0.180 1.000
v396	0.045 0.171 3.105	0.000 -1.000 0.000	0.682 0.490 0.180 1.000
v397	0.043 0.171 0.849	0.000 -1.000 0.000	0.682 0.490 0.180 1.000
v398	3.659 0.171 2.989	-0.688 0.008 -0.726	0.682 0.490 0.180 1.000
v399	3.034 0.410 3.584	-0.688 0.008 -0.726	0.682 0.490 0.180 1.000
v400	3.033 0.171 3.582	-0.688 0.008 -0.726	0.682 0.490 0.180 1.000
v401	3.660 0.410 2.991	-0.688 0.008 -0.726	0.682 0.490 0.180 1.000
v402	3.659 0.171 2.989	-1.000 0.003 0.001	0.682 0.490 0.180 1.000
v403	3.658 0.410 0.961	-1.000 0.003 0.001	0.682 0.490 0.180 1.000
v404	3.660 0.410 2.991	-1.000 0.003 0.001	0.682 0.490 0.180 1.000
v405	3.657 0.171 0.960	-1.000 0.003 0.001	0.682 0.490 0.180 1.000
v406	0.911 0.171 3.583	0.686 0.003 -0.728	0.682 0.490 0.180 1.000
v407	0.283 0.410 2.993	0.686 0.003 -0.728	0.682 0.490 0.180 1.000
v408	0.283 0.171 2.992	0.686 0.003 -0.728	0.682 0.490 0.180 1.000
v409	0.911 0.410 3.585	0.686 0.003 -0.728	0.682 0.490 0.180 1.000
v410	3.657 0.171 0.960	-0.685 -0.003 0.728	0.682 0.490 0.180 1.000
v411	3.029 0.171 0.368	-0.685 -0.003 0.728	0.682 0.490 0.180 1.000
v412	3.030 0.410 0.370	-0.685 -0.003 0.728	0.682 0.490 0.180 1.000
v413	3.658 0.410 0.961	-0.685 -0.003 0.728	0.682 0.490 0.180 1.000
v414	3.029 0.171 0.368	0.000 -0.008 1.000	0.682 0.490 0.180 1.000
v415	0.906 0.171 0.369	0.000 -0.008 1.000	0.682 0.490 0.180 1.000
v416	0.907 0.410 0.371	0.000 -0.008 1.000	0.682 0.490 0.180 1.000
v417	3.030 0.410 0.370	0.000 -0.008 1.000	0.682 0.490 0.180 1.000
v418	3.033 0.171 3.582	0.000 0.008 -1.000	0.682 0.490 0.180 1.000
v419	0.911 0.410 3.585	0.000 0.008 -1.000	0.682 0.490 0.180 1.000
v420	0.911 0.171 3.583	0.000 0.008 -1.000	0.682 0.490 0.180 1.000
v421	3.034 0.410 3.584	0.000 0.008 -1.000	0.682 0.490 0.180 1.000
v422	0.283 0.171 2.992	1.000 -0.003 -0.001	0.682 0.490 0.180 1.000
v423	0.283 0.410 2.993	1.000 -0.003 -0.001	0.682 0.490 0.180 1.000
v424	0.281 0.410 0.964	1.000 -0.003 -0.001	0.682 0.490 0.180 1.000
v425	0.281 0.171 0.962	1.000 -0.003 -0.001	0.682 0.490 0.180 1.000
v426	0.906 0.171 0.369	0.688 -0.008 0.726	0.682 0.490 0.180 1.000
v427	0.281 0.171 0.962	0.688 -0.008 0.726	0.682 0.490 0.180 1.000
v428	0.281 0.410 0.964	0.688 -0.008 0.726	0.682 0.490 0.180 1.000
v429	0.907 0.410 0.371	0.688 -0.008 0.726	0.682 0.490 0.180 1.000
v430	0.051 3.692 3.131	-0.676 -0.002 0.737	0.682 0.490 0.180 1.000
v431	0.052 3.931 3.132	-0.676 -0.002 0.737	0.682 0.490 0.180 1.000
v432	0.768 3.692 3.788	0.001 -0.005 1.000	0.682 0.490 0.180 1.000
v433	0.768 3.931 3.789	0.001 -0.005 1.000	0.682 0.490 0.180 1.000
v434	3.189 3.692 3.787	0.678 -0.005 0.735	0.682 0.490 0.180 1.000
v435	3.189 3.931 3.788	0.678 -0.005 0.735	0.682 0.490 0.180 1.000
v436	3.903 3.692 3.128	1.000 -0.002 -0.001	0.682 0.490 0.180 1.000
v437	3.903 3.931 3.129	1.000 -0.002 -0.001	0.682 0.490 0.180 1.000
v438	3.901 3.692 0.872	0.676 0.002 -0.737	0.682 0.490 0.180 1.000
v439	3.901 3.931 0.873	0.676 0.002 -0.737	0.682 0.490 0.180 1.000
v440	3.184 3.692 0.215	-0.001 0.005 -1.000	0.682 0.490 0.180 1.000
v441	3.185 3.931 0.216	-0.001 0.005 -1.000	0.682 0.490 0.180 1.000
v442	0.763 3.692 0.216	-0.678 0.005 -0.735	0.682 0.490 0.180 1.000
v443	0.050 3.931 0.876	-0.678 0.005 -0.735	0.682 0.490 0.180 1.000
v444	0.049 3.692 0.875	-0.678 0.005 -0.735	0.682 0.490 0.180 1.000
v445	0.763 3.931 0.217	-0.678 0.005 -0.735	0.682 0.490 0.180 1.000
v446	3.189 3.931 3.788	0.000 1.000 0.000	0.682 0.490 0.180 1.000
v447	0.768 3.931 3.789	0.000 1.000 0.000	0.682 0.490 0.180 1.000
v448	0.052 3.931 3.132	0.000 1.000 0.000	0.682 0.490 0.180 1.000
v449	0.050 3.931 0.876	0.000 1.000 0.000	0.682 0.490 0.180 1.000
v450	0.763 3.931 0.217	0.000 1.000 0.000	0.682 0.490 0.180 1.000
v451	3.903 3.931 3.129	0.000 1.000 0.000	0.682 0.490 0.180 1.000
v452	3.901 3.931 0.873	0.000 1.000 0.000	0.682 0.490 0.180 1.000
v453	3.185 3.931 0.216	0.000 1.000 0.000	0.682 0.490 0.180 1.000
v454	3.189 3.692 3.787	0.000 -1.000 0.000	0.682 0.490 0.180 1.000
v455	3.903 3.692 3.128	0.000 -1.000 0.000	0.682 0.490 0.180 1.000
v456	3.901 3.692 0.872	0.000 -1.000 0.000	0.682 0.490 0.180 1.000
v457	3.184 3.692 0.215	0.000 -1.000 0.000	0.682 0.490 0.180 1.000
v458	0.763 3.692 0.216	0.000 -1.000 0.000	0.682 0.490 0.180 1.000
v459	0.768 3.692 3.788	0.000 -1.000 0.000	0.682 0.490 0.180 1.000
v460	0.051 3.692 3.131	0.000 -1.000 0.000	0.682 0.490 0.180 1.000
v461	0.049 3.692 0.875	0.000 -1.000 0.000	0.682 0.490 0.180 1.000
v462	3.665 3.692 3.015	-0.688 0.005 -0.726	0.682 0.490 0.180 1.000
v463	3.040 3.931 3.609	-0.688 0.005 -0.726	0.682 0.490 0.180 1.000
v464	3.039 3.692 3.608	-0.688 0.005 -0.726	0.682 0.490 0.180 1.000
v465	3.666 3.931 3.016	-0.688 0.005 -0.726	0.682 0.490 0.180 1.000
v466	3.665 3.692 3.015	-1.000 0.002 0.001	0.682 0.490 0.180 1.000
v467	3.664 3.931 0.986	-1.000 0.002 0.001	0.682 0.490 0.180 1.000
v468	3.666 3.931 3.016	-1.000 0.002 0.001	0.682 0.490 0.180 1.000
v469	3.663 3.692 0.985	-1.000 0.002 0.001	0.682 0.490 0.180 1.000
v470	0.917 3.692 3.609	0.686 0.002 -0.728	0.682 0.490 0.180 1.000
v471	0.289 3.931 3.018	0.686 0.002 -0.728	0.682 0.490 0.180 1.000
v472	0.289 3.692 3.017	0.686 0.002 -0.728	0.682 0.490 0.180 1.000
v473	0.917 3.931 3.610	0.686 0.002 -0.728	0.682 0.490 0.180 1.000
v474	3.663 3.692 0.985	-0.685 -0.002 0.728	0.682 0.490 0.180 1.000
v475	3.035 3.692 0.394	-0.685 -0.002 0.728	0.682 0.490 0.180 1.000
v476	3.036 3.931 0.395	-0.685 -0.002 0.728	0.682 0.490 0.180 1.000
v477	3.664 3.931 0.986	-0.685 -0.002 0.728	0.682 0.490 0.180 1.000
v478	3.035 3.692 0.394	0.000 -0.005 1.000	0.682 0.490 0.180 1.000
v479	0.912 3.692 0.395	0.000 -0.005 1.000	0.682 0.490 0.180 1.000
v480	0.913 3.931 0.396	0.000 -0.005 1.000	0.682 0.490 0.180 1.000
v481	3.036 3.931 0.395	0.000 -0.005 1.000	0.682 0.490 0.180 1.000
v482	3.039 3.692 3.608	0.000 0.005 -1.000	0.682 0.490 0.180 1.000
v483	0.917 3.931 3.610	0.000 0.005 -1.000	0.682 0.490 0.180 1.000
v484	0.917 3.692 3.609	0.000 0.005 -1.000	0.682 0.490 0.180 1.000
v485	3.040 3.931 3.609	0.000 0.005 -1.000	0.682 0.490 0.180 1.000
v486	0.289 3.692 3.017	1.000 -0.002 -0.001	0.682 0.490 0.180 1.000
v487	0.289 3.931 3.018	1.000 -0.002 -0.001	0.682 0.490 0.180 1.000
v488	0.287 3.931 0.989	1.000 -0.002 -0.001	0.682 0.490 0.180 1.000
v489	0.287 3.692 0.988	1.000 -0.002 -0.001	0.682 0.490 0.180 1.000
v490	0.912 3.692 0.395	0.688 -0.005 0.726	0.682 0.490 0.180 1.000
v491	0.287 3.692 0.988	0.688 -0.005 0.726	0.682 0.490 0.180 1.000
v492	0.287 3.931 0.989	0.688 -0.005 0.726	0.682 0.490 0.180 1.000
v493	0.913 3.931 0.396	0.688 -0.005 0.726	0.682 0.490 0.180 1.000
v494	0.620 -0.007 0.619	0.000 -1.000 0.000	0.682 0.490 0.180 1.000
v495	0.508 -0.007 0.507	0.000 -1.000 0.000	0.682 0.490 0.180 1.000
v496	0.508 3.810 0.507	-0.707 0.000 -0.707	0.682 0.490 0.180 1.000
v497	0.396 -0.007 0.620	-0.707 0.000 -0.707	0.682 0.490 0.180 1.000
v498	0.508 -0.007 0.507	-0.707 0.000 -0.707	0.682 0.490 0.180 1.000
v499	0.620 3.810 0.619	0.000 1.000 0.000	0.682 0.490 0.180 1.000
v500	0.396 3.810 0.620	0.000 1.000 0.000	0.682 0.490 0.180 1.000
v501	0.508 3.810 0.507	0.000 1.000 0.000	0.682 0.490 0.180 1.000
v502	0.508 3.810 0.732	-0.707 0.000 0.707	0.682 0.490 0.180 1.000
v503	0.396 -0.007 0.620	-0.707 0.000 0.707	0.682 0.490 0.180 1.000
v504	0.396 3.810 0.620	-0.707 0.000 0.707	0.682 0.490 0.180 1.000
v505	0.508 -0.007 0.732	-0.707 0.000 0.707	0.682 0.490 0.180 1.000
v506	0.620 3.810 0.619	0.707 0.000 0.707	0.682 0.490 0.180 1.000
v507	0.508 -0.007 0.732	0.707 0.000 0.707	0.682 0.490 0.180 1.000
v508	0.508 3.810 0.732	0.707 0.000 0.707	0.682 0.490 0.180 1.000
v509	0.620 -0.007 0.619	0.707 0.000 0.707	0.682 0.490 0.180 1.000
v510	0.555 -0.007 3.326	0.000 -1.000 0.000	0.682 0.490 0.180 1.000
v511	0.443 -0.007 3.213	0.000 -1.000 0.000	0.682 0.490 0.180 1.000
v512	0.443 3.810 3.213	-0.707 0.000 -0.707	0.682 0.490 0.180 1.000
v513	0.331 -0.007 3.326	-0.707 0.000 -0.707	0.682 0.490 0.180 1.000
v514	0.443 -0.007 3.213	-0.707 0.000 -0.707	0.682 0.490 0.180 1.000
v515	0.555 3.810 3.326	0.000 1.000 0.000	0.682 0.490 0.180 1.000
v516	0.331 3.810 3.326	0.000 1.000 0.000	0.682 0.490 0.180 1.000
v517	0.443 3.810 3.213	0.000 1.000 0.000	0.682 0.490 0.180 1.000
v518	0.443 3.810 3.438	-0.707 0.000 0.707	0.682 0.490 0.180 1.000
v519	0.331 -0.007 3.326	-0.707 0.000 0.707	0.682 0.490 0.180 1.000
v520	0.331 3.810 3.326	-0.707 0.000 0.707	0.682 0.490 0.180 1.000
v521	0.443 -0.007 3.438	-0.707 0.000 0.707	0.682 0.490 0.180 1.000
v522	0.555 3.810 3.326	0.707 0.000 0.707	0.682 0.490 0.180 1.000
v523	0.443 -0.007 3.438	0.707 0.000 0.707	0.682 0.490 0.180 1.000
v524	0.443 3.810 3.438	0.707 0.000 0.707	0.682 0.490 0.180 1.000
v525	0.555 -0.007 3.326	0.707 0.000 0.707	0.682 0.490 0.180 1.000
v526	3.542 -0.007 0.600	0.000 -1.000 0.000	0.682 0.490 0.180 1.000
v527	3.430 -0.007 0.488	0.000 -1.000 0.000	0.682 0.490 0.180 1.000
v528	3.430 3.810 0.488	-0.707 0.000 -0.707	0.682 0.490 0.180 1.000
v529	3.317 -0.007 0.600	-0.707 0.000 -0.707	0.682 0.490 0.180 1.000
v530	3.430 -0.007 0.488	-0.707 0.000 -0.707	0.682 0.490 0.180 1.000
v531	3.542 3.810 0.600	0.000 1.000 0.000	0.682 0.490 0.180 1.000
v532	3.317 3.810 0.600	0.000 1.000 0.000	0.682 0.490 0.180 1.000
v533	3.430 3.810 0.488	0.000 1.000 0.000	0.682 0.490 0.180 1.000
v534	3.429 3.810 0.712	-0.707 0.000 0.707	0.682 0.490 0.180 1.000
v535	3.317 -0.007 0.600	-0.707 0.000 0.707	0.682 0.490 0.180 1.000
v536	3.317 3.810 0.600	-0.707 0.000 0.707	0.682 0.490 0.180 1.000
v537	3.429 -0.007 0.712	-0.707 0.000 0.707	0.682 0.490 0.180 1.000
v538	3.542 3.810 0.600	0.707 0.000 0.707	0.682 0.490 0.180 1.000
v539	3.429 -0.007 0.712	0.707 0.000 0.707	0.682 0.490 0.180 1.000
v540	3.429 3.810 0.712	0.707 0.000 0.707	0.682 0.490 0.180 1.000
v541	3.542 -0.007 0.600	0.707 0.000 0.707	0.682 0.490 0.180 1.000
v542	3.584 -0.007 3.358	0.000 -1.000 0.000	0.682 0.490 0.180 1.000
v543	3.472 -0.007 3.246	0.000 -1.000 0.000	0.682 0.490 0.180 1.000
v544	3.472 3.810 3.246	-0.707 0.000 -0.707	0.682 0.490 0.180 1.000
v545	3.360 -0.007 3.358	-0.707 0.000 -0.707	0.682 0.490 0.180 1.000
v546	3.472 -0.007 3.246	-0.707 0.000 -0.707	0.682 0.490 0.180 1.000
v547	3.584 3.810 3.358	0.000 1.000 0.000	0.682 0.490 0.180 1.000
v548	3.360 3.810 3.358	0.000 1.000 0.000	0.682 0.490 0.180 1.000
v549	3.472 3.810 3.246	0.000 1.000 0.000	0.682 0.490 0.180 1.000
v550	3.360 -0.007 3.358	-0.707 0.000 0.707	0.682 0.490 0.180 1.000
v551	3.360 3.810 3.358	-0.707 0.000 0.707	0.682 0.490 0.180 1.000
v552	3.472 3.810 3.471	-0.707 0.000 0.707	0.682 0.490 0.180 1.000
v553	3.472 -0.007 3.471	-0.707 0.000 0.707	0.682 0.490 0.180 1.000
v554	3.584 3.810 3.358	0.707 0.000 0.707	0.682 0.490 0.180 1.000
v555	3.472 -0.007 3.471	0.707 0.000 0.707	0.682 0.490 0.180 1.000
v556	3.472 3.810 3.471	0.707 0.000 0.707	0.682 0.490 0.180 1.000
v557	3.584 -0.007 3.358	0.707 0.000 0.707	0.682 0.490 0.180 1.000
v558	0.862 5.613 2.570	0.000 0.532 -0.847	0.000 0.000 0.000 1.000
v559	0.924 5.432 2.456	0.000 0.532 -0.847	0.000 0.000 0.000 1.000
v560	1.519 5.613 2.570	-0.744 0.515 -0.427	0.000 0.000 0.000 1.000
v561	1.458 5.432 2.456	-0.740 0.520 -0.427	0.000 0.000 0.000 1.000
v562	1.848 5.613 1.994	-0.744 0.514 0.427	0.000 0.000 0.000 1.000
v563	1.724 5.432 1.994	-0.746 0.508 0.431	0.000 0.000 0.000 1.000
v564	1.458 5.432 1.532	0.000 0.532 0.847	0.000 0.000 0.000 1.000
v565	1.519 5.613 1.419	0.000 0.532 0.847	0.000 0.000 0.000 1.000
v566	0.657 5.432 1.994	0.744 0.515 0.427	0.000 0.000 0.000 1.000
v567	0.534 5.613 1.994	0.748 0.509 0.426	0.000 0.000 0.000 1.000
v568	0.862 5.613 1.419	0.744 0.515 0.427	0.000 0.000 0.000 1.000
v569	0.924 5.432 1.532	0.740 0.520 0.427	0.000 0.000 0.000 1.000
v570	1.724 5.432 1.994	0.000 1.000 0.000	0.235 0.235 0.235 1.000
v571	1.458 5.432 2.456	0.000 1.000 0.000	0.235 0.235 0.235 1.000
v572	0.924 5.432 2.456	0.000 1.000 0.000	0.235 0.235 0.235 1.000
v573	0.657 5.432 1.994	0.000 1.000 0.000	0.235 0.235 0.235 1.000
v574	1.458 5.432 1.532	0.000 1.000 0.000	0.235 0.235 0.235 1.000
v575	0.924 5.432 1.532	0.000 1.000 0.000	0.235 0.235 0.235 1.000
v576	0.269 -0.004 1.994	-0.866 0.000 -0.500	0.737 0.737 0.737 1.000
v577	0.730 -0.004 1.196	-0.866 0.000 -0.500	1.000 1.000 1.000 1.000
v578	0.269 -0.004 1.994	-0.866 0.000 0.500	0.737 0.737 0.737 1.000
v579	0.269 5.428 1.994	-0.833 0.273 0.481	0.737 0.737 0.737 1.000
v580	0.730 -0.004 2.793	-0.866 0.000 0.500	1.000 1.000 1.000 1.000
v581	0.730 -0.004 2.793	0.000 0.000 1.000	1.000 1.000 1.000 1.000
v582	0.730 5.428 2.793	0.000 0.356 0.935	0.737 0.737 0.737 1.000
v583	1.652 -0.004 2.793	0.000 0.000 1.000	0.737 0.737 0.737 1.000
v584	1.652 -0.004 2.793	0.866 0.000 0.500	0.737 0.737 0.737 1.000
v585	1.652 5.428 2.793	0.834 0.273 0.480	0.737 0.737 0.737 1.000
v586	2.113 -0.004 1.994	0.866 0.000 0.500	0.737 0.737 0.737 1.000
v587	1.652 -0.004 1.196	0.866 0.000 -0.500	0.737 0.737 0.737 1.000
v588	2.113 5.428 1.994	0.866 0.000 -0.500	0.737 0.737 0.737 1.000
v589	2.113 -0.004 1.994	0.866 0.000 -0.500	0.737 0.737 0.737 1.000
v590	1.652 5.428 1.196	0.000 0.178 -0.984	0.737 0.737 0.737 1.000
v591	0.730 5.428 1.196	0.000 0.356 -0.935	0.737 0.737 0.737 1.000
v592	0.730 -0.004 1.196	0.000 0.000 -1.000	1.000 1.000 1.000 1.000
v593	1.652 -0.004 1.196	0.000 0.000 -1.000	0.737 0.737 0.737 1.000
v594	0.730 5.428 1.196	-0.833 0.276 -0.480	0.000 0.000 0.000 1.000
v595	0.269 5.428 1.994	-0.732 0.535 -0.422	0.000 0.000 0.000 1.000
v596	0.730 5.428 1.196	-0.735 0.530 -0.423	0.000 0.000 0.000 1.000
v597	0.269 5.428 1.994	-0.735 0.531 0.422	0.000 0.000 0.000 1.000
v598	0.403 5.611 1.994	-0.733 0.536 0.420	0.000 0.000 0.000 1.000
v599	0.730 5.428 2.793	-0.852 0.181 0.492	0.000 0.000 0.000 1.000
v600	0.269 5.428 1.994	-0.806 0.367 0.464	0.000 0.000 0.000 1.000
v601	0.730 5.428 2.793	0.000 0.356 0.935	0.000 0.000 0.000 1.000
v602	0.797 5.611 2.682	0.000 0.516 0.856	0.000 0.000 0.000 1.000
v603	1.652 5.428 2.793	0.000 0.178 0.984	0.000 0.000 0.000 1.000
v604	1.652 5.428 2.793	0.806 0.366 0.464	0.000 0.000 0.000 1.000
v605	1.585 5.611 2.682	0.739 0.525 0.423	0.000 0.000 0.000 1.000
v606	2.113 5.428 1.994	0.732 0.535 0.422	0.000 0.000 0.000 1.000
v607	1.652 5.428 2.793	0.735 0.530 0.423	0.000 0.000 0.000 1.000
v608	1.652 5.428 1.196	0.806 0.366 -0.464	0.000 0.000 0.000 1.000
v609	1.978 5.611 1.994	0.735 0.530 -0.423	0.000 0.000 0.000 1.000
v610	2.113 5.428 1.994	0.732 0.535 -0.422	0.000 0.000 0.000 1.000
v611	1.652 5.428 1.196	0.735 0.530 -0.423	0.000 0.000 0.000 1.000
v612	1.585 5.611 1.307	0.000 0.516 -0.856	0.000 0.000 0.000 1.000
v613	0.797 5.611 1.307	0.000 0.516 -0.856	0.000 0.000 0.000 1.000
v614	0.730 5.428 1.196	0.000 0.356 -0.935	0.000 0.000 0.000 1.000
v615	1.652 5.428 1.196	0.000 0.178 -0.984	0.000 0.000 0.000 1.000
v616	0.862 5.613 1.419	-0.006 1.000 -0.011	0.000 0.000 0.000 1.000
v617	0.534 5.613 1.994	-0.013 1.000 0.002	0.000 0.000 0.000 1.000
v618	0.403 5.611 1.994	-0.013 1.000 -0.002	0.000 0.000 0.000 1.000
v619	0.797 5.611 1.307	-0.006 1.000 -0.011	0.000 0.000 0.000 1.000
v620	0.862 5.613 2.570	-0.006 1.000 0.011	0.000 0.000 0.000 1.000
v621	0.797 5.611 2.682	-0.006 1.000 0.011	0.000 0.000 0.000 1.000
v622	1.519 5.613 2.570	0.006 1.000 0.011	0.000 0.000 0.000 1.000
v623	1.585 5.611 2.682	0.006 1.000 0.011	0.000 0.000 0.000 1.000
v624	1.978 5.611 1.994	0.013 1.000 0.000	0.000 0.000 0.000 1.000
v625	1.848 5.613 1.994	0.012 1.000 0.000	0.000 0.000 0.000 1.000
v626	1.519 5.613 1.419	0.008 1.000 -0.010	0.000 0.000 0.000 1.000
v627	1.585 5.611 1.307	0.004 1.000 -0.012	0.000 0.000 0.000 1.000
v628	0.862 5.613 1.419	-0.006 1.000 -0.011	0.000 0.000 0.000 1.000
v629	0.797 5.611 1.307	-0.006 1.000 -0.011	0.000 0.000 0.000 1.000
v630	1.058 5.438 1.920	0.000 0.000 1.000	0.235 0.235 0.235 1.000
v631	1.058 5.580 1.920	0.000 0.000 1.000	0.235 0.235 0.235 1.000
v632	1.182 5.438 1.920	0.866 0.000 0.500	0.235 0.235 0.235 1.000
v633	1.182 5.580 1.920	0.866 0.000 0.500	0.235 0.235 0.235 1.000
v634	1.244 5.580 1.813	0.866 0.000 -0.500	0.000 0.000 0.000 1.000
v635	1.244 5.438 1.813	0.866 0.000 -0.500	0.235 0.235 0.235 1.000
v636	1.182 5.580 1.705	0.000 0.000 -1.000	0.235 0.235 0.235 1.000
v637	1.182 5.438 1.705	0.000 0.000 -1.000	0.235 0.235 0.235 1.000
v638	1.058 5.438 1.705	-0.866 0.000 -0.500	0.235 0.235 0.235 1.000
v639	1.058 5.580 1.705	-0.866 0.000 -0.500	0.000 0.000 0.000 1.000
v640	0.996 5.580 1.813	-0.866 0.000 -0.500	0.235 0.235 0.235 1.000
v641	0.996 5.438 1.813	-0.866 0.000 -0.500	0.235 0.235 0.235 1.000
v642	1.244 5.580 1.813	0.000 1.000 0.000	0.000 0.000 0.000 1.000
v643	1.182 5.580 1.920	0.000 1.000 0.000	0.000 0.000 0.000 1.000
v644	1.058 5.580 1.920	0.000 1.000 0.000	0.000 0.000 0.000 1.000
v645	0.996 5.580 1.813	0.000 1.000 0.000	0.000 0.000 0.000 1.000
v646	1.182 5.580 1.705	0.000 1.000 0.000	0.000 0.000 0.000 1.000
v647	1.058 5.580 1.705	0.000 1.000 0.000	0.000 0.000 0.000 1.000
v648	1.244 5.438 1.813	0.000 -1.000 0.000	0.235 0.235 0.235 1.000
v649	1.058 5.438 1.920	0.000 -1.000 0.000	0.235 0.235 0.235 1.000
v650	1.182 5.438 1.920	0.000 -1.000 0.000	0.235 0.235 0.235 1.000
v651	0.996 5.438 1.813	0.000 -1.000 0.000	0.235 0.235 0.235 1.000
v652	1.182 5.438 1.705	0.000 -1.000 0.000	0.235 0.235 0.235 1.000
v653	1.058 5.438 1.705	0.000 -1.000 0.000	0.235 0.235 0.235 1.000
v654	0.963 5.429 2.329	0.000 0.000 1.000	0.235 0.235 0.235 1.000
v655	0.963 5.821 2.329	0.000 0.000 1.000	0.235 0.235 0.235 1.000
v656	1.087 5.429 2.329	0.862 0.000 0.507	0.235 0.235 0.235 1.000
v657	1.087 5.821 2.329	0.862 0.000 0.507	0.235 0.235 0.235 1.000
v658	1.149 5.429 2.223	0.862 0.000 -0.507	0.235 0.235 0.235 1.000
v659	1.149 5.821 2.223	0.862 0.000 -0.507	0.000 0.000 0.000 1.000
v660	1.087 5.821 2.118	0.000 0.000 -1.000	0.235 0.235 0.235 1.000
v661	1.087 5.429 2.118	0.000 0.000 -1.000	0.235 0.235 0.235 1.000
v662	0.963 5.429 2.118	-0.862 0.000 -0.507	0.235 0.235 0.235 1.000
v663	0.963 5.821 2.118	-0.862 0.000 -0.507	0.000 0.000 0.000 1.000
v664	0.901 5.821 2.223	-0.862 0.000 -0.507	0.235 0.235 0.235 1.000
v665	0.901 5.429 2.223	-0.862 0.000 -0.507	0.235 0.235 0.235 1.000
v666	1.149 5.821 2.223	0.000 1.000 0.000	0.000 0.000 0.000 1.000
v667	1.087 5.821 2.329	0.000 1.000 0.000	0.000 0.000 0.000 1.000
v668	0.963 5.821 2.329	0.000 1.000 0.000	0.000 0.000 0.000 1.000
v669	0.901 5.821 2.223	0.000 1.000 0.000	0.000 0.000 0.000 1.000
v670	1.087 5.821 2.118	0.000 1.000 0.000	0.000 0.000 0.000 1.000
v671	0.963 5.821 2.118	0.000 1.000 0.000	0.000 0.000 0.000 1.000
v672	1.149 5.429 2.223	0.000 -1.000 0.000	0.235 0.235 0.235 1.000
v673	0.963 5.429 2.329	0.000 -1.000 0.000	0.235 0.235 0.235 1.000
v674	1.087 5.429 2.329	0.000 -1.000 0.000	0.235 0.235 0.235 1.000
v675	0.901 5.429 2.223	0.000 -1.000 0.000	0.235 0.235 0.235 1.000
v676	1.087 5.429 2.118	0.000 -1.000 0.000	0.235 0.235 0.235 1.000
v677	0.963 5.429 2.118	0.000 -1.000 0.000	0.235 0.235 0.235 1.000
v678	1.410 5.433 1.979	0.000 0.000 1.000	0.235 0.235 0.235 1.000
v679	1.410 5.709 1.979	0.000 0.000 1.000	0.235 0.235 0.235 1.000
v680	1.534 5.433 1.979	0.866 0.000 0.500	0.235 0.235 0.235 1.000
v681	1.534 5.709 1.979	0.866 0.000 0.500	0.235 0.235 0.235 1.000
v682	1.596 5.433 1.872	0.866 0.000 -0.500	0.235 0.235 0.235 1.000
v683	1.596 5.709 1.872	0.866 0.000 -0.500	0.000 0.000 0.000 1.000
v684	1.534 5.709 1.765	0.000 0.000 -1.000	0.235 0.235 0.235 1.000
v685	1.534 5.433 1.765	0.000 0.000 -1.000	0.235 0.235 0.235 1.000
v686	1.410 5.433 1.765	-0.866 0.000 -0.500	0.235 0.235 0.235 1.000
v687	1.410 5.709 1.765	-0.866 0.000 -0.500	0.000 0.000 0.000 1.000
v688	1.348 5.709 1.872	-0.866 0.000 -0.500	0.235 0.235 0.235 1.000
v689	1.348 5.433 1.872	-0.866 0.000 -0.500	0.235 0.235 0.235 1.000
v690	1.596 5.709 1.872	0.000 1.000 0.000	0.000 0.000 0.000 1.000
v691	1.534 5.709 1.979	0.000 1.000 0.000	0.000 0.000 0.000 1.000
v692	1.410 5.709 1.979	0.000 1.000 0.000	0.000 0.000 0.000 1.000
v693	1.348 5.709 1.872	0.000 1.000 0.000	0.000 0.000 0.000 1.000
v694	1.534 5.709 1.765	0.000 1.000 0.000	0.000 0.000 0.000 1.000
v695	1.410 5.709 1.765	0.000 1.000 0.000	0.000 0.000 0.000 1.000
v696	1.596 5.433 1.872	0.000 -1.000 0.000	0.235 0.235 0.235 1.000
v697	1.410 5.433 1.979	0.000 -1.000 0.000	0.235 0.235 0.235 1.000
v698	1.534 5.433 1.979	0.000 -1.000 0.000	0.235 0.235 0.235 1.000
v699	1.348 5.433 1.872	0.000 -1.000 0.000	0.235 0.235 0.235 1.000
v700	1.534 5.433 1.765	0.000 -1.000 0.000	0.235 0.235 0.235 1.000
v701	1.410 5.433 1.765	0.000 -1.000 0.000	0.235 0.235 0.235 1.000
v702	2.837 4.220 0.733	0.000 0.629 0.778	0.000 0.000 0.000 1.000
v703	2.899 4.361 0.619	0.000 0.629 0.778	0.000 0.000 0.000 1.000
v704	2.242 4.361 0.619	0.686 0.611 0.394	0.000 0.000 0.000 1.000
v705	2.303 4.220 0.733	0.682 0.617 0.393	0.000 0.000 0.000 1.000
v706	1.913 4.361 1.195	0.687 0.610 -0.394	0.000 0.000 0.000 1.000
v707	2.037 4.220 1.195	0.690 0.605 -0.398	0.000 0.000 0.000 1.000
v708	2.242 4.361 1.771	0.000 0.629 -0.778	0.000 0.000 0.000 1.000
v709	2.303 4.220 1.657	0.000 0.629 -0.778	0.000 0.000 0.000 1.000
v710	3.104 4.220 1.195	-0.686 0.611 -0.394	0.000 0.000 0.000 1.000
v711	3.227 4.361 1.195	-0.691 0.606 -0.394	0.000 0.000 0.000 1.000
v712	2.899 4.361 1.771	-0.686 0.611 -0.394	0.000 0.000 0.000 1.000
v713	2.837 4.220 1.657	-0.682 0.617 -0.393	0.000 0.000 0.000 1.000
v714	3.104 4.220 1.195	0.000 1.000 0.000	0.235 0.235 0.235 1.000
v715	2.837 4.220 1.657	0.000 1.000 0.000	0.235 0.235 0.235 1.000
v716	2.303 4.220 1.657	0.000 1.000 0.000	0.235 0.235 0.235 1.000
v717	2.037 4.220 1.195	0.000 1.000 0.000	0.235 0.235 0.235 1.000
v718	2.837 4.220 0.733	0.000 1.000 0.000	0.235 0.235 0.235 1.000
v719	2.303 4.220 0.733	0.000 1.000 0.000	0.235 0.235 0.235 1.000
v720	3.031 -0.004 1.993	0.866 0.000 0.500	1.000 1.000 1.000 1.000
v721	3.492 -0.004 1.195	0.866 0.000 0.500	0.737 0.737 0.737 1.000
v722	3.031 -0.004 0.397	0.866 0.000 -0.500	1.000 1.000 1.000 1.000
v723	3.492 4.217 1.195	0.866 0.000 -0.500	0.737 0.737 0.737 1.000
v724	3.492 -0.004 1.195	0.866 0.000 -0.500	0.737 0.737 0.737 1.000
v725	3.031 4.217 0.397	0.000 0.000 -1.000	0.737 0.737 0.737 1.000
v726	2.109 -0.004 0.397	0.000 0.000 -1.000	0.737 0.737 0.737 1.000
v727	3.031 -0.004 0.397	0.000 0.000 -1.000	1.000 1.000 1.000 1.000
v728	1.648 -0.004 1.195	-0.866 0.000 -0.500	0.737 0.737 0.737 1.000
v729	2.109 4.217 0.397	-0.866 0.000 -0.500	0.737 0.737 0.737 1.000
v730	2.109 -0.004 0.397	-0.866 0.000 -0.500	0.737 0.737 0.737 1.000
v731	1.648 -0.004 1.195	-0.866 0.000 0.500	0.737 0.737 0.737 1.000
v732	1.648 4.217 1.195	-0.866 0.000 0.500	0.737 0.737 0.737 1.000
v733	2.109 -0.004 1.993	-0.866 0.000 0.500	0.737 0.737 0.737 1.000
v734	3.031 4.217 1.993	0.000 0.000 1.000	0.737 0.737 0.737 1.000
v735	2.109 -0.004 1.993	0.000 0.000 1.000	0.737 0.737 0.737 1.000
v736	2.109 4.217 1.993	0.000 0.000 1.000	0.737 0.737 0.737 1.000
v737	3.031 -0.004 1.993	0.000 0.000 1.000	1.000 1.000 1.000 1.000
v738	3.031 4.217 1.993	0.675 0.627 0.388	0.000 0.000 0.000 1.000
v739	3.492 4.217 1.195	0.671 0.632 0.388	0.000 0.000 0.000 1.000
v740	3.492 4.217 1.195	0.675 0.628 -0.388	0.000 0.000 0.000 1.000
v741	3.358 4.360 1.195	0.672 0.633 -0.385	0.000 0.000 0.000 1.000
v742	3.031 4.217 0.397	0.678 0.623 -0.391	0.000 0.000 0.000 1.000
v743	2.964 4.360 0.507	0.000 0.613 -0.790	0.000 0.000 0.000 1.000
v744	2.109 4.217 0.397	0.000 0.613 -0.790	0.000 0.000 0.000 1.000
v745	3.031 4.217 0.397	0.000 0.613 -0.790	0.000 0.000 0.000 1.000
v746	2.109 4.217 0.397	-0.675 0.627 -0.388	0.000 0.000 0.000 1.000
v747	2.176 4.360 0.507	-0.680 0.622 -0.389	0.000 0.000 0.000 1.000
v748	1.648 4.217 1.195	-0.671 0.632 -0.388	0.000 0.000 0.000 1.000
v749	1.648 4.217 1.195	-0.675 0.628 0.388	0.000 0.000 0.000 1.000
v750	1.783 4.360 1.195	-0.672 0.633 0.385	0.000 0.000 0.000 1.000
v751	2.109 4.217 1.993	-0.678 0.623 0.391	0.000 0.000 0.000 1.000
v752	2.964 4.360 1.883	0.000 0.613 0.790	0.000 0.000 0.000 1.000
v753	2.109 4.217 1.993	0.000 0.613 0.790	0.000 0.000 0.000 1.000
v754	2.176 4.360 1.883	0.000 0.613 0.790	0.000 0.000 0.000 1.000
v755	3.031 4.217 1.993	0.000 0.613 0.790	0.000 0.000 0.000 1.000
v756	3.358 4.360 1.195	0.010 1.000 0.000	0.000 0.000 0.000 1.000
v757	2.964 4.360 1.883	0.005 1.000 0.008	0.000 0.000 0.000 1.000
v758	2.899 4.361 1.771	0.005 1.000 0.008	0.000 0.000 0.000 1.000
v759	3.227 4.361 1.195	0.010 1.000 0.000	0.000 0.000 0.000 1.000
v760	2.899 4.361 0.619	0.007 1.000 -0.007	0.000 0.000 0.000 1.000
v761	2.964 4.360 0.507	0.003 1.000 -0.009	0.000 0.000 0.000 1.000
v762	2.242 4.361 0.619	-0.005 1.000 -0.008	0.000 0.000 0.000 1.000
v763	2.176 4.360 0.507	-0.005 1.000 -0.008	0.000 0.000 0.000 1.000
v764	1.913 4.361 1.195	-0.010 1.000 0.002	0.000 0.000 0.000 1.000
v765	1.783 4.360 1.195	-0.010 1.000 -0.002	0.000 0.000 0.000 1.000
v766	2.242 4.361 1.771	-0.005 1.000 0.008	0.000 0.000 0.000 1.000
v767	2.176 4.360 1.883	-0.005 1.000 0.008	0.000 0.000 0.000 1.000
v768	2.899 4.361 1.771	0.005 1.000 0.008	0.000 0.000 0.000 1.000
v769	2.964 4.360 1.883	0.005 1.000 0.008	0.000 0.000 0.000 1.000
v770	2.954 4.335 1.116	0.000 0.000 -1.000	0.235 0.235 0.235 1.000
v771	2.954 4.225 1.116	0.000 0.000 -1.000	0.235 0.235 0.235 1.000
v772	2.830 4.225 1.116	-0.866 0.000 -0.500	0.235 0.235 0.235 1.000
v773	2.830 4.335 1.116	-0.866 0.000 -0.500	0.235 0.235 0.235 1.000
v774	2.768 4.225 1.223	-0.866 0.000 0.500	0.235 0.235 0.235 1.000
v775	2.768 4.335 1.223	-0.866 0.000 0.500	0.000 0.000 0.000 1.000
v776	2.830 4.225 1.331	0.000 0.000 1.000	0.235 0.235 0.235 1.000
v777	2.830 4.335 1.331	0.000 0.000 1.000	0.235 0.235 0.235 1.000
v778	2.954 4.225 1.331	0.866 0.000 0.500	0.235 0.235 0.235 1.000
v779	2.954 4.335 1.331	0.866 0.000 0.500	0.000 0.000 0.000 1.000
v780	3.016 4.335 1.223	0.866 0.000 0.500	0.235 0.235 0.235 1.000
v781	3.016 4.225 1.223	0.866 0.000 0.500	0.235 0.235 0.235 1.000
v782	3.016 4.335 1.223	0.000 1.000 0.000	0.000 0.000 0.000 1.000
v783	2.954 4.335 1.331	0.000 1.000 0.000	0.000 0.000 0.000 1.000
v784	2.830 4.335 1.331	0.000 1.000 0.000	0.000 0.000 0.000 1.000
v785	2.768 4.335 1.223	0.000 1.000 0.000	0.000 0.000 0.000 1.000
v786	2.954 4.335 1.116	0.000 1.000 0.000	0.000 0.000 0.000 1.000
v787	2.830 4.335 1.116	0.000 1.000 0.000	0.000 0.000 0.000 1.000
v788	3.016 4.225 1.223	0.000 -1.000 0.000	0.235 0.235 0.235 1.000
v789	2.830 4.225 1.331	0.000 -1.000 0.000	0.235 0.235 0.235 1.000
v790	2.954 4.225 1.331	0.000 -1.000 0.000	0.235 0.235 0.235 1.000
v791	2.768 4.225 1.223	0.000 -1.000 0.000	0.235 0.235 0.235 1.000
v792	2.954 4.225 1.116	0.000 -1.000 0.000	0.235 0.235 0.235 1.000
v793	2.830 4.225 1.116	0.000 -1.000 0.000	0.235 0.235 0.235 1.000
v794	2.798 4.523 0.861	0.000 0.000 -1.000	0.235 0.235 0.235 1.000
v795	2.798 4.218 0.861	0.000 0.000 -1.000	0.235 0.235 0.235 1.000
v796	2.674 4.218 0.861	-0.862 0.000 -0.507	0.235 0.235 0.235 1.000
v797	2.674 4.523 0.861	-0.862 0.000 -0.507	0.235 0.235 0.235 1.000
v798	2.612 4.218 0.966	-0.862 0.000 0.507	0.235 0.235 0.235 1.000
v799	2.612 4.523 0.966	-0.862 0.000 0.507	0.000 0.000 0.000 1.000
v800	2.674 4.218 1.072	0.000 0.000 1.000	0.235 0.235 0.235 1.000
v801	2.674 4.523 1.072	0.000 0.000 1.000	0.235 0.235 0.235 1.000
v802	2.798 4.218 1.072	0.862 0.000 0.507	0.235 0.235 0.235 1.000
v803	2.798 4.523 1.072	0.862 0.000 0.507	0.000 0.000 0.000 1.000
v804	2.860 4.523 0.966	0.862 0.000 0.507	0.235 0.235 0.235 1.000
v805	2.860 4.218 0.966	0.862 0.000 0.507	0.235 0.235 0.235 1.000
v806	2.860 4.523 0.966	0.000 1.000 0.000	0.000 0.000 0.000 1.000
v807	2.798 4.523 1.072	0.000 1.000 0.000	0.000 0.000 0.000 1.000
v808	2.674 4.523 1.072	0.000 1.000 0.000	0.000 0.000 0.000 1.000
v809	2.612 4.523 0.966	0.000 1.000 0.000	0.000 0.000 0.000 1.000
v810	2.798 4.523 0.861	0.000 1.000 0.000	0.000 0.000 0.000 1.000
v811	2.674 4.523 0.861	0.000 1.000 0.000	0.000 0.000 0.000 1.000
v812	2.860 4.218 0.966	0.000 -1.000 0.000	0.235 0.235 0.235 1.000
v813	2.674 4.218 1.072	0.000 -1.000 0.000	0.235 0.235 0.235 1.000
v814	2.798 4.218 1.072	0.000 -1.000 0.000	0.235 0.235 0.235 1.000
v815	2.612 4.218 0.966	0.000 -1.000 0.000	0.235 0.235 0.235 1.000
v816	2.798 4.218 0.861	0.000 -1.000 0.000	0.235 0.235 0.235 1.000
v817	2.674 4.218 0.861	0.000 -1.000 0.000	0.235 0.235 0.235 1.000
v818	2.351 4.436 1.210	0.000 0.000 -1.000	0.235 0.235 0.235 1.000
v819	2.351 4.222 1.210	0.000 0.000 -1.000	0.235 0.235 0.235 1.000
v820	2.227 4.222 1.210	-0.866 0.000 -0.500	0.235 0.235 0.235 1.000
v821	2.227 4.436 1.210	-0.866 0.000 -0.500	0.235 0.235 0.235 1.000
v822	2.165 4.222 1.317	-0.866 0.000 0.500	0.235 0.235 0.235 1.000
v823	2.165 4.436 1.317	-0.866 0.000 0.500	0.000 0.000 0.000 1.000
v824	2.227 4.222 1.425	0.000 0.000 1.000	0.235 0.235 0.235 1.000
v825	2.227 4.436 1.425	0.000 0.000 1.000	0.235 0.235 0.235 1.000
v826	2.351 4.222 1.425	0.866 0.000 0.500	0.235 0.235 0.235 1.000
v827	2.351 4.436 1.425	0.866 0.000 0.500	0.000 0.000 0.000 1.000
v828	2.413 4.436 1.317	0.866 0.000 0.500	0.235 0.235 0.235 1.000
v829	2.413 4.222 1.317	0.866 0.000 0.500	0.235 0.235 0.235 1.000
v830	2.413 4.436 1.317	0.000 1.000 0.000	0.000 0.000 0.000 1.000
v831	2.351 4.436 1.425	0.000 1.000 0.000	0.000 0.000 0.000 1.000
v832	2.227 4.436 1.425	0.000 1.000 0.000	0.000 0.000 0.000 1.000
v833	2.165 4.436 1.317	0.000 1.000 0.000	0.000 0.000 0.000 1.000
v834	2.351 4.436 1.210	0.000 1.000 0.000	0.000 0.000 0.000 1.000
v835	2.227 4.436 1.210	0.000 1.000 0.000	0.000 0.000 0.000 1.000
v836	2.413 4.222 1.317	0.000 -1.000 0.000	0.235 0.235 0.235 1.000
v837	2.227 4.222 1.425	0.000 -1.000 0.000	0.235 0.235 0.235 1.000
v838	2.351 4.222 1.425	0.000 -1.000 0.000	0.235 0.235 0.235 1.000
v839	2.165 4.222 1.317	0.000 -1.000 0.000	0.235 0.235 0.235 1.000
v840	2.351 4.222 1.210	0.000 -1.000 0.000	0.235 0.235 0.235 1.000
v841	2.227 4.222 1.210	0.000 -1.000 0.000	0.235 0.235 0.235 1.000
v842	2.834 4.587 2.334	0.000 0.597 0.802	0.000 0.000 0.000 1.000
v843	2.895 4.740 2.220	0.000 0.597 0.802	0.000 0.000 0.000 1.000
v844	2.239 4.740 2.220	0.707 0.579 0.406	0.000 0.000 0.000 1.000
v845	2.300 4.587 2.334	0.702 0.585 0.406	0.000 0.000 0.000 1.000
v846	1.910 4.740 2.796	0.708 0.578 -0.406	0.000 0.000 0.000 1.000
v847	2.034 4.587 2.796	0.710 0.573 -0.410	0.000 0.000 0.000 1.000
v848	2.239 4.740 3.372	0.000 0.597 -0.802	0.000 0.000 0.000 1.000
v849	2.300 4.587 3.258	0.000 0.597 -0.802	0.000 0.000 0.000 1.000
v850	3.100 4.587 2.796	-0.707 0.579 -0.406	0.000 0.000 0.000 1.000
v851	3.224 4.740 2.796	-0.711 0.574 -0.406	0.000 0.000 0.000 1.000
v852	2.895 4.740 3.372	-0.707 0.579 -0.406	0.000 0.000 0.000 1.000
v853	2.834 4.587 3.258	-0.702 0.585 -0.406	0.000 0.000 0.000 1.000
v854	3.100 4.587 2.796	0.000 1.000 0.000	0.235 0.235 0.235 1.000
v855	2.834 4.587 3.258	0.000 1.000 0.000	0.235 0.235 0.235 1.000
v856	2.300 4.587 3.258	0.000 1.000 0.000	0.235 0.235 0.235 1.000
v857	2.034 4.587 2.796	0.000 1.000 0.000	0.235 0.235 0.235 1.000
v858	2.834 4.587 2.334	0.000 1.000 0.000	0.235 0.235 0.235 1.000
v859	2.300 4.587 2.334	0.000 1.000 0.000	0.235 0.235 0.235 1.000
v860	3.028 -0.004 3.594	0.866 0.000 0.500	1.000 1.000 1.000 1.000
v861	3.489 -0.004 2.796	0.866 0.000 0.500	0.737 0.737 0.737 1.000
v862	3.028 -0.004 1.998	0.866 0.000 -0.500	1.000 1.000 1.000 1.000
v863	3.489 4.584 2.796	0.866 0.000 -0.500	0.737 0.737 0.737 1.000
v864	3.489 -0.004 2.796	0.866 0.000 -0.500	0.737 0.737 0.737 1.000
v865	3.028 4.584 1.998	0.000 0.000 -1.000	0.737 0.737 0.737 1.000
v866	2.106 -0.004 1.998	0.000 0.000 -1.000	0.737 0.737 0.737 1.000
v867	3.028 -0.004 1.998	0.000 0.000 -1.000	1.000 1.000 1.000 1.000
v868	1.645 -0.004 2.796	-0.866 0.000 -0.500	0.737 0.737 0.737 1.000
v869	2.106 4.584 1.998	-0.866 0.000 -0.500	0.737 0.737 0.737 1.000
v870	2.106 -0.004 1.998	-0.866 0.000 -0.500	0.737 0.737 0.737 1.000
v871	1.645 -0.004 2.796	-0.866 0.000 0.500	0.737 0.737 0.737 1.000
v872	1.645 4.584 2.796	-0.866 0.000 0.500	0.737 0.737 0.737 1.000
v873	2.106 -0.004 3.594	-0.866 0.000 0.500	0.737 0.737 0.737 1.000
v874	3.028 4.584 3.594	0.000 0.000 1.000	0.737 0.737 0.737 1.000
v875	2.106 -0.004 3.594	0.000 0.000 1.000	0.737 0.737 0.737 1.000
v876	2.106 4.584 3.594	0.000 0.000 1.000	0.737 0.737 0.737 1.000
v877	3.028 -0.004 3.594	0.000 0.000 1.000	1.000 1.000 1.000 1.000
v878	3.028 4.584 3.594	0.697 0.595 0.401	0.000 0.000 0.000 1.000
v879	3.489 4.584 2.796	0.693 0.600 0.400	0.000 0.000 0.000 1.000
v880	3.489 4.584 2.796	0.696 0.596 -0.400	0.000 0.000 0.000 1.000
v881	3.355 4.739 2.796	0.694 0.601 -0.397	0.000 0.000 0.000 1.000
v882	3.028 4.584 1.998	0.699 0.591 -0.403	0.000 0.000 0.000 1.000
v883	2.961 4.739 2.108	0.000 0.581 -0.814	0.000 0.000 0.000 1.000
v884	2.106 4.584 1.998	0.000 0.581 -0.814	0.000 0.000 0.000 1.000
v885	3.028 4.584 1.998	0.000 0.581 -0.814	0.000 0.000 0.000 1.000
v886	2.106 4.584 1.998	-0.697 0.595 -0.401	0.000 0.000 0.000 1.000
v887	2.173 4.739 2.108	-0.701 0.590 -0.401	0.000 0.000 0.000 1.000
v888	1.645 4.584 2.796	-0.693 0.600 -0.400	0.000 0.000 0.000 1.000
v889	1.645 4.584 2.796	-0.696 0.596 0.400	0.000 0.000 0.000 1.000
v890	1.779 4.739 2.796	-0.694 0.601 0.397	0.000 0.000 0.000 1.000
v891	2.106 4.584 3.594	-0.699 0.591 0.403	0.000 0.000 0.000 1.000
v892	2.961 4.739 3.484	0.000 0.581 0.814	0.000 0.000 0.000 1.000
v893	2.106 4.584 3.594	0.000 0.581 0.814	0.000 0.000 0.000 1.000
v894	2.173 4.739 3.484	0.000 0.581 0.814	0.000 0.000 0.000 1.000
v895	3.028 4.584 3.594	0.000 0.581 0.814	0.000 0.000 0.000 1.000
v896	3.355 4.739 2.796	0.011 1.000 0.000	0.000 0.000 0.000 1.000
v897	2.961 4.739 3.484	0.005 1.000 0.009	0.000 0.000 0.000 1.000
v898	2.895 4.740 3.372	0.005 1.000 0.009	0.000 0.000 0.000 1.000
v899	3.224 4.740 2.796	0.011 1.000 0.000	0.000 0.000 0.000 1.000
v900	2.895 4.740 2.220	0.007 1.000 -0.008	0.000 0.000 0.000 1.000
v901	2.961 4.739 2.108	0.004 1.000 -0.010	0.000 0.000 0.000 1.000
v902	2.239 4.740 2.220	-0.005 1.000 -0.009	0.000 0.000 0.000 1.000
v903	2.173 4.739 2.108	-0.005 1.000 -0.009	0.000 0.000 0.000 1.000
v904	1.910 4.740 2.796	-0.011 1.000 0.002	0.000 0.000 0.000 1.000
v905	1.779 4.739 2.796	-0.011 1.000 -0.002	0.000 0.000 0.000 1.000
v906	2.239 4.740 3.372	-0.005 1.000 0.009	0.000 0.000 0.000 1.000
v907	2.173 4.739 3.484	-0.005 1.000 0.009	0.000 0.000 0.000 1.000
v908	2.895 4.740 3.372	0.005 1.000 0.009	0.000 0.000 0.000 1.000
v909	2.961 4.739 3.484	0.005 1.000 0.009	0.000 0.000 0.000 1.000
v910	2.348 4.821 2.811	0.000 0.000 -1.000	0.235 0.235 0.235 1.000
v911	2.348 4.589 2.811	0.000 0.000 -1.000	0.235 0.235 0.235 1.000
v912	2.224 4.589 2.811	-0.866 0.000 -0.500	0.235 0.235 0.235 1.000
v913	2.224 4.821 2.811	-0.866 0.000 -0.500	0.235 0.235 0.235 1.000
v914	2.162 4.589 2.918	-0.866 0.000 0.500	0.235 0.235 0.235 1.000
v915	2.162 4.821 2.918	-0.866 0.000 0.500	0.000 0.000 0.000 1.000
v916	2.224 4.589 3.026	0.000 0.000 1.000	0.235 0.235 0.235 1.000
v917	2.224 4.821 3.026	0.000 0.000 1.000	0.235 0.235 0.235 1.000
v918	2.348 4.589 3.026	0.866 0.000 0.500	0.235 0.235 0.235 1.000
v919	2.348 4.821 3.026	0.866 0.000 0.500	0.000 0.000 0.000 1.000
v920	2.410 4.821 2.918	0.866 0.000 0.500	0.235 0.235 0.235 1.000
v921	2.410 4.589 2.918	0.866 0.000 0.500	0.235 0.235 0.235 1.000
v922	2.410 4.821 2.918	0.000 1.000 0.000	0.000 0.000 0.000 1.000
v923	2.348 4.821 3.026	0.000 1.000 0.000	0.000 0.000 0.000 1.000
v924	2.224 4.821 3.026	0.000 1.000 0.000	0.000 0.000 0.000 1.000
v925	2.162 4.821 2.918	0.000 1.000 0.000	0.000 0.000 0.000 1.000
v926	2.348 4.821 2.811	0.000 1.000 0.000	0.000 0.000 0.000 1.000
v927	2.224 4.821 2.811	0.000 1.000 0.000	0.000 0.000 0.000 1.000
v928	2.162 4.589 2.918	0.000 -1.000 0.000	0.235 0.235 0.235 1.000
v929	2.224 4.589 3.026	0.000 -1.000 0.000	0.235 0.235 0.235 1.000
v930	2.348 4.589 3.026	0.000 -1.000 0.000	0.235 0.235 0.235 1.000
v931	2.410 4.589 2.918	0.000 -1.000 0.000	0.235 0.235 0.235 1.000
v932	2.348 4.589 2.811	0.000 -1.000 0.000	0.235 0.235 0.235 1.000
v933	2.224 4.589 2.811	0.000 -1.000 0.000	0.235 0.235 0.235 1.000
f3 1 8 9
f3 0 8 1
f3 2 302 303
f3 10 2 303
f3 3 304 305
f3 11 3 305
f3 4 306 307
f3 12 4 307
f3 308 309 13
f3 5 308 13
f3 310 14 6
f3 311 14 310
f3 312 15 7
f3 313 15 312
f3 314 315 316
f3 317 315 314
f3 26 318 319
f3 320 26 319
f3 30 26 320
f3 29 30 320
f3 321 29 320
f3 16 29 321
f3 322 16 321
f3 322 18 16
f3 24 318 26
f3 323 318 24
f3 22 323 24
f3 20 323 22
f3 324 323 20
f3 18 324 20
f3 325 324 18
f3 325 18 322
f3 25 27 326
f3 327 25 326
f3 23 25 327
f3 21 23 327
f3 328 21 327
f3 19 21 328
f3 329 19 328
f3 329 330 19
f3 27 331 326
f3 332 331 27
f3 31 332 27
f3 28 332 31
f3 333 332 28
f3 17 333 28
f3 330 333 17
f3 330 17 19
f3 334 335 336
f3 337 335 334
f3 338 339 340
f3 341 339 338
f3 342 343 344
f3 345 343 342
f3 346 347 348
f3 349 346 348
f3 350 351 352
f3 353 350 352
f3 354 355 356
f3 357 355 354
f3 358 359 360
f3 361 358 360
f3 362 363 364
f3 365 362 364
f3 33 40 41
f3 32 40 33
f3 34 366 367
f3 42 34 367
f3 35 368 369
f3 43 35 369
f3 36 370 371
f3 44 36 371
f3 372 373 45
f3 37 372 45
f3 374 46 38
f3 375 46 374
f3 376 47 39
f3 377 47 376
f3 378 379 380
f3 381 379 378
f3 58 382 383
f3 384 58 383
f3 62 58 384
f3 61 62 384
f3 385 61 384
f3 48 61 385
f3 386 48 385
f3 386 50 48
f3 56 382 58
f3 387 382 56
f3 54 387 56
f3 52 387 54
f3 388 387 52
f3 50 388 52
f3 389 388 50
f3 389 50 386
f3 57 59 390
f3 391 57 390
f3 55 57 391
f3 53 55 391
f3 392 53 391
f3 51 53 392
f3 393 51 392
f3 393 394 51
f3 59 395 390
f3 396 395 59
f3 63 396 59
f3 60 396 63
f3 397 396 60
f3 49 397 60
f3 394 397 49
f3 394 49 51
f3 398 399 400
f3 401 399 398
f3 402 403 404
f3 405 403 402
f3 406 407 408
f3 409 407 406
f3 410 411 412
f3 413 410 412
f3 414 415 416
f3 417 414 416
f3 418 419 420
f3 421 419 418
f3 422 423 424
f3 425 422 424
f3 426 427 428
f3 429 426 428
f3 65 72 73
f3 64 72 65
f3 66 430 431
f3 74 66 431
f3 67 432 433
f3 75 67 433
f3 68 434 435
f3 76 68 435
f3 436 437 77
f3 69 436 77
f3 438 78 70
f3 439 78 438
f3 440 79 71
f3 441 79 440
f3 442 443 444
f3 445 443 442
f3 90 446 447
f3 448 90 447
f3 94 90 448
f3 93 94 448
f3 449 93 448
f3 80 93 449
f3 450 80 449
f3 450 82 80
f3 88 446 90
f3 451 446 88
f3 86 451 88
f3 84 451 86
f3 452 451 84
f3 82 452 84
f3 453 452 82
f3 453 82 450
f3 89 91 454
f3 455 89 454
f3 87 89 455
f3 85 87 455
f3 456 85 455
f3 83 85 456
f3 457 83 456
f3 457 458 83
f3 91 459 454
f3 460 459 91
f3 95 460 91
f3 92 460 95
f3 461 460 92
f3 81 461 92
f3 458 461 81
f3 458 81 83
f3 462 463 464
f3 465 463 462
f3 466 467 468
f3 469 467 466
f3 470 471 472
f3 473 471 470
f3 474 475 476
f3 477 474 476
f3 478 479 480
f3 481 478 480
f3 482 483 484
f3 485 483 482
f3 486 487 488
f3 489 486 488
f3 490 491 492
f3 493 490 492
f3 97 99 98
f3 96 97 98
f3 494 101 100
f3 495 101 494
f3 496 102 497
f3 498 496 497
f3 499 103 500
f3 501 499 500
f3 502 503 504
f3 505 503 502
f3 506 507 508
f3 509 507 506
f3 105 107 106
f3 104 105 106
f3 510 109 108
f3 511 109 510
f3 512 110 513
f3 514 512 513
f3 515 111 516
f3 517 515 516
f3 518 519 520
f3 521 519 518
f3 522 523 524
f3 525 523 522
f3 113 115 114
f3 112 113 114
f3 526 117 116
f3 527 117 526
f3 528 118 529
f3 530 528 529
f3 531 119 532
f3 533 531 532
f3 534 535 536
f3 537 535 534
f3 538 539 540
f3 541 539 538
f3 122 121 123
f3 120 121 122
f3 542 125 124
f3 543 125 542
f3 544 126 545
f3 546 544 545
f3 547 127 548
f3 549 547 548
f3 550 551 552
f3 553 550 552
f3 554 555 556
f3 557 555 554
f3 135 154 153
f3 134 135 153
f3 136 558 559
f3 155 558 136
f3 137 156 560
f3 561 137 560
f3 138 157 562
f3 563 138 562
f3 564 139 152
f3 565 564 152
f3 566 567 568
f3 569 566 568
f3 570 571 572
f3 573 570 572
f3 574 570 573
f3 575 574 573
f3 131 129 130
f3 128 129 131
f3 132 128 131
f3 133 128 132
f3 576 140 141
f3 577 140 576
f3 578 579 142
f3 580 578 142
f3 143 581 582
f3 583 581 143
f3 584 585 144
f3 586 584 144
f3 587 588 145
f3 589 588 587
f3 590 591 592
f3 593 590 592
f3 594 146 147
f3 595 596 147
f3 597 598 148
f3 599 600 148
f3 149 601 602
f3 603 601 149
f3 604 605 150
f3 606 607 150
f3 608 609 151
f3 610 609 611
f3 612 613 614
f3 615 612 614
f3 616 617 618
f3 619 616 618
f3 617 620 621
f3 618 617 621
f3 622 623 621
f3 620 622 621
f3 624 623 622
f3 625 624 622
f3 626 624 625
f3 627 624 626
f3 627 626 628
f3 629 627 628
f3 158 164 165
f3 159 158 165
f3 166 630 631
f3 160 630 166
f3 632 633 167
f3 161 632 167
f3 162 634 168
f3 635 634 162
f3 636 169 163
f3 637 636 163
f3 638 639 640
f3 641 638 640
f3 642 643 644
f3 645 642 644
f3 646 642 645
f3 647 646 645
f3 648 649 650
f3 651 649 648
f3 652 651 648
f3 653 651 652
f3 170 176 177
f3 171 170 177
f3 178 654 655
f3 172 654 178
f3 656 657 179
f3 173 656 179
f3 658 659 180
f3 174 658 180
f3 660 181 175
f3 661 660 175
f3 662 663 664
f3 665 662 664
f3 666 667 668
f3 669 666 668
f3 670 666 669
f3 671 670 669
f3 672 673 674
f3 675 673 672
f3 676 675 672
f3 677 675 676
f3 182 188 189
f3 183 182 189
f3 190 678 679
f3 184 678 190
f3 680 681 191
f3 185 680 191
f3 682 683 192
f3 186 682 192
f3 684 193 187
f3 685 684 187
f3 686 687 688
f3 689 686 688
f3 690 691 692
f3 693 690 692
f3 694 690 693
f3 695 694 693
f3 696 697 698
f3 699 697 696
f3 700 699 696
f3 701 699 700
f3 201 220 219
f3 200 201 219
f3 702 202 221
f3 703 702 221
f3 203 222 704
f3 705 203 704
f3 204 223 706
f3 707 204 706
f3 205 708 709
f3 218 708 205
f3 710 711 712
f3 713 710 712
f3 714 715 716
f3 717 714 716
f3 718 714 717
f3 719 718 717
f3 194 198 199
f3 197 198 194
f3 195 197 194
f3 196 197 195
f3 720 206 207
f3 721 720 207
f3 722 723 208
f3 724 723 722
f3 725 209 726
f3 727 725 726
f3 728 729 210
f3 730 729 728
f3 731 732 211
f3 733 731 211
f3 734 735 736
f3 737 735 734
f3 738 212 213
f3 739 738 213
f3 740 741 214
f3 742 740 214
f3 743 215 744
f3 745 743 744
f3 746 747 216
f3 748 746 216
f3 749 750 217
f3 751 749 217
f3 752 753 754
f3 755 753 752
f3 756 757 758
f3 759 756 758
f3 760 756 759
f3 761 756 760
f3 761 760 762
f3 763 761 762
f3 762 764 765
f3 763 762 765
f3 764 766 767
f3 765 764 767
f3 768 769 767
f3 766 768 767
f3 224 230 231
f3 225 224 231
f3 770 232 226
f3 771 770 226
f3 772 773 233
f3 227 772 233
f3 774 775 234
f3 228 774 234
f3 229 776 777
f3 235 229 777
f3 778 779 780
f3 781 778 780
f3 782 783 784
f3 785 782 784
f3 786 782 785
f3 787 786 785
f3 788 789 790
f3 791 789 788
f3 792 791 788
f3 793 791 792
f3 236 242 243
f3 237 236 243
f3 794 244 238
f3 795 794 238
f3 796 797 245
f3 239 796 245
f3 798 799 246
f3 240 798 246
f3 247 800 801
f3 241 800 247
f3 802 803 804
f3 805 802 804
f3 806 807 808
f3 809 806 808
f3 810 806 809
f3 811 810 809
f3 812 813 814
f3 815 813 812
f3 816 815 812
f3 817 815 816
f3 248 254 255
f3 249 248 255
f3 818 256 250
f3 819 818 250
f3 820 821 257
f3 251 820 257
f3 822 823 258
f3 252 822 258
f3 253 824 825
f3 259 253 825
f3 826 827 828
f3 829 826 828
f3 830 831 832
f3 833 830 832
f3 834 830 833
f3 835 834 833
f3 836 837 838
f3 839 837 836
f3 840 839 836
f3 841 839 840
f3 267 286 285
f3 266 267 285
f3 842 268 287
f3 843 842 287
f3 269 288 844
f3 845 269 844
f3 270 289 846
f3 847 270 846
f3 271 848 849
f3 284 848 271
f3 850 851 852
f3 853 850 852
f3 854 855 856
f3 857 854 856
f3 858 854 857
f3 859 858 857
f3 260 264 265
f3 263 264 260
f3 261 263 260
f3 262 263 261
f3 860 272 273
f3 861 860 273
f3 862 863 274
f3 864 863 862
f3 865 275 866
f3 867 865 866
f3 868 869 276
f3 870 869 868
f3 871 872 277
f3 873 871 277
f3 874 875 876
f3 877 875 874
f3 878 278 279
f3 879 878 279
f3 880 881 280
f3 882 880 280
f3 883 281 884
f3 885 883 884
f3 886 887 282
f3 888 886 282
f3 889 890 283
f3 891 889 283
f3 892 893 894
f3 895 893 892
f3 896 897 898
f3 899 896 898
f3 900 896 899
f3 901 896 900
f3 901 900 902
f3 903 901 902
f3 902 904 905
f3 903 902 905
f3 904 906 907
f3 905 904 907
f3 908 909 907
f3 906 908 907
f3 290 296 297
f3 291 290 297
f3 910 298 292
f3 911 910 292
f3 912 913 299
f3 293 912 299
f3 914 915 300
f3 294 914 300
f3 295 916 917
f3 301 295 917
f3 918 919 920
f3 921 918 920
f3 922 923 924
f3 925 922 924
f3 926 922 925
f3 927 926 925
f3 928 929 930
f3 931 928 930
f3 932 928 931
f3 933 928 932
