v0	0.859 0.461 3.370	0.517 0.000 0.856	1.000 1.000 1.000 1.000
v1	0.847 0.550 3.357	0.503 0.309 0.807	1.000 1.000 1.000 1.000
v2	0.812 0.625 3.321	0.415 0.690 0.593	1.000 1.000 1.000 1.000
v3	0.759 0.676 3.267	0.204 0.945 0.254	1.000 1.000 1.000 1.000
v4	0.697 0.694 3.204	-0.047 0.998 -0.052	1.000 1.000 1.000 1.000
v5	0.635 0.676 3.140	-0.306 0.893 -0.330	1.000 1.000 1.000 1.000
v6	0.582 0.625 3.086	-0.486 0.707 -0.513	1.000 1.000 1.000 1.000
v7	0.547 0.550 3.050	-0.623 0.438 -0.648	1.000 1.000 1.000 1.000
v8	0.715 0.461 4.001	0.000 0.000 1.000	0.000 0.000 0.000 1.000
v9	0.697 0.550 4.001	0.000 0.000 1.000	0.000 0.000 0.000 1.000
v10	0.646 0.625 4.001	0.000 0.000 1.000	0.000 0.000 0.000 1.000
v11	0.571 0.676 4.001	0.000 0.000 1.000	0.000 0.000 0.000 1.000
v12	0.482 0.694 4.001	0.066 0.998 0.000	1.000 1.000 1.000 1.000
v13	0.393 0.676 4.001	-0.321 0.947 0.000	1.000 1.000 1.000 1.000
v14	0.318 0.625 4.001	-0.707 0.707 0.000	1.000 1.000 1.000 1.000
v15	0.267 0.550 4.001	-0.947 0.321 0.000	1.000 1.000 1.000 1.000
v16	0.859 0.459 3.370	0.514 -0.121 0.849	1.000 1.000 1.000 1.000
v17	0.714 0.459 4.001	0.000 0.000 1.000	0.000 0.000 0.000 1.000
v18	0.534 0.462 3.038	-0.684 0.192 -0.704	1.000 1.000 1.000 1.000
v19	0.250 0.462 4.001	-0.981 0.195 0.000	1.000 1.000 1.000 1.000
v20	0.534 0.462 3.037	-0.698 0.000 -0.716	1.000 1.000 1.000 1.000
v21	0.249 0.462 4.001	0.000 0.000 1.000	0.000 0.000 0.000 1.000
v22	0.859 -0.003 3.370	0.000 -1.000 0.000	1.000 1.000 1.000 1.000
v23	0.534 -0.003 3.037	-0.698 0.000 -0.716	1.000 1.000 1.000 1.000
v24	0.249 -0.003 4.001	0.000 0.000 1.000	0.000 0.000 0.000 1.000
v25	0.714 -0.003 4.001	0.000 0.000 1.000	0.000 0.000 0.000 1.000
v26	0.250 0.462 3.536	-0.980 0.195 -0.041	1.000 1.000 1.000 1.000
v27	0.267 0.550 3.536	-0.922 0.383 -0.060	1.000 1.000 1.000 1.000
v28	0.318 0.625 3.536	-0.705 0.707 -0.062	1.000 1.000 1.000 1.000
v29	0.393 0.676 3.536	-0.382 0.924 -0.023	1.000 1.000 1.000 1.000
v30	0.482 0.694 3.536	0.000 1.000 0.006	1.000 1.000 1.000 1.000
v31	0.571 0.676 3.536	0.381 0.924 0.040	1.000 1.000 1.000 1.000
v32	0.646 0.625 3.536	0.704 0.707 0.074	1.000 1.000 1.000 1.000
v33	0.697 0.550 3.536	0.919 0.382 0.100	1.000 1.000 1.000 1.000
v34	0.715 0.461 3.536	0.994 0.000 0.108	1.000 1.000 1.000 1.000
v35	0.714 0.459 3.536	0.989 -0.098 0.108	1.000 1.000 1.000 1.000
v36	0.714 -0.003 3.536	0.997 0.000 0.072	1.000 1.000 1.000 1.000
v37	0.249 -0.003 3.536	0.000 -1.000 0.000	1.000 1.000 1.000 1.000
v38	0.249 0.462 3.536	-0.996 0.000 -0.084	1.000 1.000 1.000 1.000
v39	0.263 0.462 3.435	-0.961 0.194 -0.195	1.000 1.000 1.000 1.000
v40	0.280 0.550 3.438	-0.897 0.382 -0.222	1.000 1.000 1.000 1.000
v41	0.330 0.625 3.444	-0.680 0.706 -0.200	1.000 1.000 1.000 1.000
v42	0.405 0.676 3.454	-0.373 0.923 -0.092	1.000 1.000 1.000 1.000
v43	0.493 0.694 3.466	-0.003 1.000 0.010	1.000 1.000 1.000 1.000
v44	0.581 0.676 3.477	0.364 0.922 0.132	1.000 1.000 1.000 1.000
v45	0.656 0.625 3.487	0.666 0.701 0.255	1.000 1.000 1.000 1.000
v46	0.706 0.550 3.494	0.859 0.376 0.348	1.000 1.000 1.000 1.000
v47	0.723 0.461 3.496	0.924 0.001 0.382	1.000 1.000 1.000 1.000
v48	0.723 0.459 3.496	0.919 -0.096 0.382	1.000 1.000 1.000 1.000
v49	0.723 -0.003 3.496	0.945 0.000 0.327	1.000 1.000 1.000 1.000
v50	0.262 -0.003 3.435	0.000 -1.000 0.000	1.000 1.000 1.000 1.000
v51	0.262 0.462 3.435	-0.963 0.000 -0.270	1.000 1.000 1.000 1.000
v52	0.297 0.462 3.341	-0.900 0.192 -0.391	1.000 1.000 1.000 1.000
v53	0.314 0.550 3.345	-0.835 0.378 -0.400	1.000 1.000 1.000 1.000
v54	0.362 0.625 3.358	-0.629 0.703 -0.331	1.000 1.000 1.000 1.000
v55	0.435 0.676 3.378	-0.349 0.921 -0.172	1.000 1.000 1.000 1.000
v56	0.521 0.694 3.401	-0.005 1.000 0.007	1.000 1.000 1.000 1.000
v57	0.607 0.676 3.424	0.331 0.919 0.212	1.000 1.000 1.000 1.000
v58	0.680 0.625 3.444	0.594 0.690 0.412	1.000 1.000 1.000 1.000
v59	0.729 0.550 3.457	0.745 0.362 0.560	1.000 1.000 1.000 1.000
v60	0.746 0.461 3.461	0.789 -0.002 0.614	1.000 1.000 1.000 1.000
v61	0.745 0.459 3.461	0.784 -0.090 0.614	1.000 1.000 1.000 1.000
v62	0.745 -0.003 3.461	0.806 0.000 0.591	1.000 1.000 1.000 1.000
v63	0.296 -0.003 3.341	0.000 -1.000 0.000	1.000 1.000 1.000 1.000
v64	0.296 0.462 3.341	-0.892 0.000 -0.453	1.000 1.000 1.000 1.000
v65	0.395 0.462 3.173	-0.798 0.192 -0.571	1.000 1.000 1.000 1.000
v66	0.410 0.550 3.182	-0.724 0.379 -0.577	1.000 1.000 1.000 1.000
v67	0.454 0.625 3.207	-0.531 0.705 -0.470	1.000 1.000 1.000 1.000
v68	0.519 0.676 3.246	-0.303 0.922 -0.243	1.000 1.000 1.000 1.000
v69	0.596 0.694 3.291	-0.009 1.000 0.008	1.000 1.000 1.000 1.000
v70	0.672 0.676 3.336	0.272 0.920 0.281	1.000 1.000 1.000 1.000
v71	0.738 0.625 3.374	0.488 0.719 0.495	1.000 1.000 1.000 1.000
v72	0.781 0.550 3.399	0.593 0.425 0.684	1.000 1.000 1.000 1.000
v73	0.796 0.461 3.408	0.616 0.026 0.787	1.000 1.000 1.000 1.000
v74	0.796 0.459 3.408	0.624 -0.090 0.776	1.000 1.000 1.000 1.000
v75	0.796 -0.003 3.408	0.000 -1.000 0.000	1.000 1.000 1.000 1.000
v76	0.395 -0.003 3.173	-0.814 0.000 -0.581	1.000 1.000 1.000 1.000
v77	0.395 0.462 3.173	-0.759 0.000 -0.652	1.000 1.000 1.000 1.000
v78	2.003 1.103 1.995	0.000 1.000 0.000	0.329 0.329 0.329 1.000
v79	1.249 1.057 1.997	-0.132 0.991 0.000	0.329 0.329 0.329 1.000
v80	1.306 1.057 2.290	-0.138 0.989 0.047	0.329 0.329 0.329 1.000
v81	1.469 1.057 2.537	-0.109 0.989 0.096	0.329 0.329 0.329 1.000
v82	1.713 1.057 2.702	-0.063 0.989 0.130	0.329 0.329 0.329 1.000
v83	2.001 1.057 2.760	0.001 0.988 0.154	0.329 0.329 0.329 1.000
v84	2.290 1.057 2.701	0.064 0.989 0.131	0.329 0.329 0.329 1.000
v85	2.535 1.057 2.534	0.110 0.989 0.097	0.329 0.329 0.329 1.000
v86	2.699 1.057 2.286	0.123 0.991 0.050	0.329 0.329 0.329 1.000
v87	2.757 1.056 1.993	0.147 0.989 0.008	0.329 0.329 0.329 1.000
v88	2.700 1.056 1.701	0.139 0.989 -0.048	0.329 0.329 0.329 1.000
v89	2.538 1.056 1.453	0.109 0.989 -0.096	0.329 0.329 0.329 1.000
v90	2.293 1.056 1.288	0.063 0.989 -0.130	0.329 0.329 0.329 1.000
v91	2.005 1.057 1.231	0.000 0.988 -0.154	0.329 0.329 0.329 1.000
v92	1.717 1.057 1.290	-0.064 0.989 -0.131	0.329 0.329 0.329 1.000
v93	1.472 1.057 1.456	-0.110 0.989 -0.097	0.329 0.329 0.329 1.000
v94	1.308 1.057 1.705	-0.139 0.989 -0.048	0.329 0.329 0.329 1.000
v95	0.611 0.924 1.999	-0.277 0.961 -0.001	1.000 1.000 1.000 1.000
v96	0.715 0.925 2.539	-0.293 0.950 0.111	1.000 1.000 1.000 1.000
v97	1.016 0.925 2.996	-0.227 0.950 0.213	1.000 1.000 1.000 1.000
v98	1.467 0.924 3.301	-0.126 0.951 0.283	1.000 1.000 1.000 1.000
v99	1.999 0.924 3.407	0.001 0.938 0.346	1.000 1.000 1.000 1.000
v100	2.533 0.924 3.298	0.128 0.950 0.284	1.000 1.000 1.000 1.000
v101	2.985 0.924 2.991	0.228 0.950 0.214	1.000 1.000 1.000 1.000
v102	3.288 0.924 2.532	0.256 0.961 0.105	1.000 1.000 1.000 1.000
v103	3.396 0.924 1.991	0.314 0.949 0.008	1.000 1.000 1.000 1.000
v104	3.291 0.924 1.451	0.292 0.950 -0.111	1.000 1.000 1.000 1.000
v105	2.991 0.924 0.994	0.227 0.950 -0.213	1.000 1.000 1.000 1.000
v106	2.540 0.924 0.689	0.126 0.951 -0.283	1.000 1.000 1.000 1.000
v107	2.007 0.924 0.583	-0.001 0.938 -0.346	1.000 1.000 1.000 1.000
v108	1.474 0.924 0.692	-0.128 0.950 -0.284	1.000 1.000 1.000 1.000
v109	1.021 0.924 0.999	-0.228 0.950 -0.215	1.000 1.000 1.000 1.000
v110	0.718 0.924 1.458	-0.293 0.949 -0.113	1.000 1.000 1.000 1.000
v111	0.184 0.726 2.000	-0.421 0.907 -0.001	0.329 0.329 0.329 1.000
v112	0.321 0.727 2.706	-0.378 0.907 0.183	0.329 0.329 0.329 1.000
v113	0.713 0.727 3.303	-0.278 0.908 0.313	0.329 0.329 0.329 1.000
v114	1.303 0.726 3.702	-0.134 0.909 0.395	0.329 0.329 0.329 1.000
v115	1.999 0.726 3.840	0.001 0.909 0.416	0.329 0.329 0.329 1.000
v116	2.695 0.726 3.698	0.137 0.908 0.395	0.329 0.329 0.329 1.000
v117	3.287 0.726 3.296	0.279 0.908 0.314	0.329 0.329 0.329 1.000
v118	3.683 0.726 2.696	0.389 0.907 0.160	0.329 0.329 0.329 1.000
v119	3.823 0.726 1.990	0.420 0.907 -0.026	0.329 0.329 0.329 1.000
v120	3.687 0.726 1.284	0.378 0.908 -0.183	0.329 0.329 0.329 1.000
v121	3.294 0.726 0.686	0.277 0.909 -0.312	0.329 0.329 0.329 1.000
v122	2.705 0.726 0.288	0.134 0.909 -0.394	0.329 0.329 0.329 1.000
v123	2.009 0.726 0.149	-0.001 0.909 -0.416	0.329 0.329 0.329 1.000
v124	1.312 0.726 0.292	-0.136 0.909 -0.395	0.329 0.329 0.329 1.000
v125	0.721 0.726 0.693	-0.279 0.908 -0.314	0.329 0.329 0.329 1.000
v126	0.324 0.726 1.293	-0.379 0.907 -0.185	0.329 0.329 0.329 1.000
v127	0.190 -0.004 1.237	-0.898 0.000 -0.440	0.329 0.329 0.329 1.000
v128	0.618 -0.004 0.589	-0.712 0.000 -0.703	0.329 0.329 0.329 1.000
v129	1.257 -0.004 0.155	-0.449 0.000 -0.894	0.329 0.329 0.329 1.000
v130	2.009 -0.004 0.001	-0.070 0.000 -0.998	0.329 0.329 0.329 1.000
v131	2.761 -0.004 0.150	0.323 0.000 -0.947	0.329 0.329 0.329 1.000
v132	3.398 -0.004 0.581	0.663 0.000 -0.748	0.329 0.329 0.329 1.000
v133	3.822 -0.004 1.227	0.900 0.000 -0.437	0.329 0.329 0.329 1.000
v134	3.970 -0.004 1.989	0.998 0.000 -0.063	0.329 0.329 0.329 1.000
v135	3.818 -0.004 2.752	0.948 0.000 0.319	0.329 0.329 0.329 1.000
v136	3.390 -0.004 3.400	0.712 0.000 0.703	0.329 0.329 0.329 1.000
v137	2.751 -0.004 3.834	0.326 0.000 0.945	0.329 0.329 0.329 1.000
v138	1.998 -0.004 3.988	-0.065 0.000 0.998	0.329 0.329 0.329 1.000
v139	1.247 -0.004 3.838	-0.446 0.000 0.895	0.329 0.329 0.329 1.000
v140	0.610 -0.004 3.408	-0.757 0.000 0.654	0.329 0.329 0.329 1.000
v141	0.038 -0.004 2.000	-0.998 0.000 -0.068	0.329 0.329 0.329 1.000
v142	0.186 -0.004 2.762	-0.949 0.000 0.315	0.329 0.329 0.329 1.000
v143	0.038 0.499 2.000	-0.998 0.000 0.063	0.329 0.329 0.329 1.000
v144	0.190 0.498 1.236	-0.948 0.000 -0.319	0.329 0.329 0.329 1.000
v145	0.618 0.498 0.589	-0.712 0.000 -0.703	0.329 0.329 0.329 1.000
v146	1.257 0.498 0.155	-0.326 0.000 -0.945	0.329 0.329 0.329 1.000
v147	2.009 0.498 0.001	0.065 0.000 -0.998	0.329 0.329 0.329 1.000
v148	2.761 0.498 0.150	0.446 0.000 -0.895	0.329 0.329 0.329 1.000
v149	3.398 0.498 0.581	0.757 0.000 -0.654	0.329 0.329 0.329 1.000
v150	3.822 0.498 1.226	0.949 0.000 -0.315	0.329 0.329 0.329 1.000
v151	3.970 0.498 1.989	0.998 0.000 0.068	0.329 0.329 0.329 1.000
v152	3.818 0.498 2.752	0.898 0.000 0.440	0.329 0.329 0.329 1.000
v153	3.390 0.498 3.400	0.712 0.000 0.703	0.329 0.329 0.329 1.000
v154	2.751 0.498 3.834	0.449 0.000 0.894	0.329 0.329 0.329 1.000
v155	1.999 0.499 3.988	0.070 0.000 0.998	0.329 0.329 0.329 1.000
v156	1.247 0.499 3.838	-0.323 0.000 0.947	0.329 0.329 0.329 1.000
v157	0.610 0.499 3.408	-0.663 0.000 0.748	0.329 0.329 0.329 1.000
v158	0.186 0.499 2.762	-0.900 0.000 0.437	0.329 0.329 0.329 1.000
v159	0.395 -0.003 3.173	0.000 -1.000 0.000	1.000 1.000 1.000 1.000
v160	0.534 -0.003 3.037	0.000 -1.000 0.000	1.000 1.000 1.000 1.000
v161	0.534 0.462 3.038	0.000 1.000 0.000	1.000 1.000 1.000 1.000
v162	0.395 0.462 3.173	0.000 1.000 0.000	1.000 1.000 1.000 1.000
v163	0.395 0.462 3.173	0.000 1.000 0.000	1.000 1.000 1.000 1.000
v164	0.534 0.462 3.037	0.000 1.000 0.000	1.000 1.000 1.000 1.000
v165	0.250 0.462 4.001	0.000 0.000 1.000	0.000 0.000 0.000 1.000
v166	0.267 0.550 4.001	0.000 0.000 1.000	0.000 0.000 0.000 1.000
v167	0.318 0.625 4.001	0.000 0.000 1.000	0.000 0.000 0.000 1.000
v168	0.393 0.676 4.001	0.000 0.000 1.000	0.000 0.000 0.000 1.000
v169	0.482 0.694 4.001	0.000 0.000 1.000	0.000 0.000 0.000 1.000
v170	0.635 0.676 3.140	0.715 0.000 -0.699	1.000 1.000 1.000 1.000
v171	0.759 0.676 3.267	0.715 0.000 -0.699	1.000 1.000 1.000 1.000
v172	0.697 0.694 3.204	0.715 0.000 -0.699	1.000 1.000 1.000 1.000
v173	0.812 0.625 3.321	0.715 0.000 -0.699	1.000 1.000 1.000 1.000
v174	0.582 0.625 3.086	0.715 0.000 -0.699	1.000 1.000 1.000 1.000
v175	0.847 0.550 3.357	0.715 0.000 -0.699	1.000 1.000 1.000 1.000
v176	0.547 0.550 3.050	0.715 0.000 -0.699	1.000 1.000 1.000 1.000
v177	0.534 0.462 3.038	0.715 -0.012 -0.699	1.000 1.000 1.000 1.000
v178	0.859 0.461 3.370	0.715 -0.012 -0.699	1.000 1.000 1.000 1.000
v179	0.534 0.462 3.037	0.715 -0.009 -0.699	1.000 1.000 1.000 1.000
v180	0.859 0.459 3.370	0.715 0.000 -0.699	1.000 1.000 1.000 1.000
v181	0.859 -0.003 3.370	0.715 0.000 -0.699	1.000 1.000 1.000 1.000
v182	0.534 -0.003 3.037	0.715 0.000 -0.699	1.000 1.000 1.000 1.000
v183	0.859 -0.003 3.370	0.518 0.000 0.856	1.000 1.000 1.000 1.000
v184	0.796 -0.003 3.408	0.661 0.000 0.750	1.000 1.000 1.000 1.000
v185	0.571 0.676 4.001	0.443 0.897 0.000	1.000 1.000 1.000 1.000
v186	0.646 0.625 4.001	0.752 0.659 0.000	1.000 1.000 1.000 1.000
v187	0.697 0.550 4.001	0.947 0.321 0.000	1.000 1.000 1.000 1.000
v188	0.715 0.461 4.001	0.998 -0.066 0.000	1.000 1.000 1.000 1.000
v189	0.714 0.459 4.001	0.998 -0.065 0.000	1.000 1.000 1.000 1.000
v190	0.714 0.459 4.001	0.998 -0.065 0.000	1.000 1.000 1.000 1.000
v191	0.714 0.459 3.536	0.989 -0.098 0.108	1.000 1.000 1.000 1.000
v192	0.714 -0.003 4.001	1.000 0.000 0.000	1.000 1.000 1.000 1.000
v193	0.249 -0.003 4.001	0.000 -1.000 0.000	1.000 1.000 1.000 1.000
v194	0.714 -0.003 4.001	0.000 -1.000 0.000	1.000 1.000 1.000 1.000
v195	0.714 -0.003 3.536	0.000 -1.000 0.000	1.000 1.000 1.000 1.000
v196	0.249 -0.003 3.536	-0.999 0.000 -0.042	1.000 1.000 1.000 1.000
v197	0.249 0.462 4.001	-1.000 0.000 0.000	1.000 1.000 1.000 1.000
v198	0.249 -0.003 4.001	-1.000 0.000 0.000	1.000 1.000 1.000 1.000
v199	0.250 0.462 3.536	0.000 1.000 0.000	1.000 1.000 1.000 1.000
v200	0.250 0.462 4.001	0.000 1.000 0.000	1.000 1.000 1.000 1.000
v201	0.249 0.462 4.001	0.000 1.000 0.000	1.000 1.000 1.000 1.000
v202	0.249 0.462 3.536	0.000 1.000 0.000	1.000 1.000 1.000 1.000
v203	0.267 0.550 3.536	-0.922 0.383 -0.060	1.000 1.000 1.000 1.000
v204	0.250 0.462 3.536	-0.980 0.195 -0.041	1.000 1.000 1.000 1.000
v205	0.318 0.625 3.536	-0.705 0.707 -0.062	1.000 1.000 1.000 1.000
v206	0.393 0.676 3.536	-0.382 0.924 -0.023	1.000 1.000 1.000 1.000
v207	0.482 0.694 3.536	0.000 1.000 0.006	1.000 1.000 1.000 1.000
v208	0.571 0.676 3.536	0.381 0.924 0.040	1.000 1.000 1.000 1.000
v209	0.646 0.625 3.536	0.704 0.707 0.074	1.000 1.000 1.000 1.000
v210	0.697 0.550 3.536	0.919 0.382 0.100	1.000 1.000 1.000 1.000
v211	0.715 0.461 3.536	0.994 0.000 0.108	1.000 1.000 1.000 1.000
v212	0.714 0.459 3.536	0.989 -0.098 0.108	1.000 1.000 1.000 1.000
v213	0.714 -0.003 3.536	0.997 0.000 0.072	1.000 1.000 1.000 1.000
v214	0.723 -0.003 3.496	0.000 -1.000 0.000	1.000 1.000 1.000 1.000
v215	0.249 -0.003 3.536	0.000 -1.000 0.000	1.000 1.000 1.000 1.000
v216	0.714 -0.003 3.536	0.000 -1.000 0.000	1.000 1.000 1.000 1.000
v217	0.262 -0.003 3.435	-0.980 0.000 -0.198	1.000 1.000 1.000 1.000
v218	0.249 0.462 3.536	-0.996 0.000 -0.084	1.000 1.000 1.000 1.000
v219	0.249 -0.003 3.536	-0.999 0.000 -0.042	1.000 1.000 1.000 1.000
v220	0.263 0.462 3.435	0.000 1.000 0.000	1.000 1.000 1.000 1.000
v221	0.250 0.462 3.536	0.000 1.000 0.000	1.000 1.000 1.000 1.000
v222	0.249 0.462 3.536	0.000 1.000 0.000	1.000 1.000 1.000 1.000
v223	0.262 0.462 3.435	0.000 1.000 0.000	1.000 1.000 1.000 1.000
v224	0.745 -0.003 3.461	0.000 -1.000 0.000	1.000 1.000 1.000 1.000
v225	0.296 -0.003 3.341	-0.918 0.000 -0.397	1.000 1.000 1.000 1.000
v226	0.297 0.462 3.341	0.000 1.000 0.000	1.000 1.000 1.000 1.000
v227	0.296 0.462 3.341	0.000 1.000 0.000	1.000 1.000 1.000 1.000
v228	2.003 1.103 1.995	0.000 1.000 0.000	0.329 0.329 0.329 1.000
v229	2.003 1.103 1.995	0.000 1.000 0.000	0.329 0.329 0.329 1.000
v230	2.003 1.103 1.995	0.000 1.000 0.000	0.329 0.329 0.329 1.000
v231	2.003 1.103 1.995	0.000 1.000 0.000	0.329 0.329 0.329 1.000
v232	2.003 1.103 1.995	0.000 1.000 0.000	0.329 0.329 0.329 1.000
v233	2.003 1.103 1.995	0.000 1.000 0.000	0.329 0.329 0.329 1.000
v234	2.003 1.103 1.995	0.000 1.000 0.000	0.329 0.329 0.329 1.000
v235	2.003 1.103 1.995	0.000 1.000 0.000	0.329 0.329 0.329 1.000
v236	2.003 1.103 1.995	0.000 1.000 0.000	0.329 0.329 0.329 1.000
v237	2.003 1.103 1.995	0.000 1.000 0.000	0.329 0.329 0.329 1.000
v238	2.003 1.103 1.995	0.000 1.000 0.000	0.329 0.329 0.329 1.000
v239	2.003 1.103 1.995	0.000 1.000 0.000	0.329 0.329 0.329 1.000
v240	2.003 1.103 1.995	0.000 1.000 0.000	0.329 0.329 0.329 1.000
v241	2.003 1.103 1.995	0.000 1.000 0.000	0.329 0.329 0.329 1.000
v242	2.003 1.103 1.995	0.000 1.000 0.000	0.329 0.329 0.329 1.000
v243	1.249 1.057 1.997	-0.132 0.991 0.000	0.329 0.329 0.329 1.000
v244	1.306 1.057 2.290	-0.138 0.989 0.047	1.000 1.000 1.000 1.000
v245	1.249 1.057 1.997	-0.132 0.991 0.000	1.000 1.000 1.000 1.000
v246	1.469 1.057 2.537	-0.109 0.989 0.096	1.000 1.000 1.000 1.000
v247	1.713 1.057 2.702	-0.063 0.989 0.130	1.000 1.000 1.000 1.000
v248	2.001 1.057 2.760	0.001 0.988 0.154	1.000 1.000 1.000 1.000
v249	2.290 1.057 2.701	0.064 0.989 0.131	1.000 1.000 1.000 1.000
v250	2.535 1.057 2.534	0.110 0.989 0.097	1.000 1.000 1.000 1.000
v251	2.699 1.057 2.286	0.123 0.991 0.050	1.000 1.000 1.000 1.000
v252	2.757 1.056 1.993	0.147 0.989 0.008	1.000 1.000 1.000 1.000
v253	2.700 1.056 1.701	0.139 0.989 -0.048	1.000 1.000 1.000 1.000
v254	2.538 1.056 1.453	0.109 0.989 -0.096	1.000 1.000 1.000 1.000
v255	2.293 1.056 1.288	0.063 0.989 -0.130	1.000 1.000 1.000 1.000
v256	2.005 1.057 1.231	0.000 0.988 -0.154	1.000 1.000 1.000 1.000
v257	1.717 1.057 1.290	-0.064 0.989 -0.131	1.000 1.000 1.000 1.000
v258	1.472 1.057 1.456	-0.110 0.989 -0.097	1.000 1.000 1.000 1.000
v259	1.308 1.057 1.705	-0.139 0.989 -0.048	1.000 1.000 1.000 1.000
v260	1.249 1.057 1.997	-0.132 0.991 0.000	1.000 1.000 1.000 1.000
v261	0.611 0.924 1.999	-0.277 0.961 -0.001	1.000 1.000 1.000 1.000
v262	0.715 0.925 2.539	-0.293 0.950 0.111	0.329 0.329 0.329 1.000
v263	0.611 0.924 1.999	-0.277 0.961 -0.001	0.329 0.329 0.329 1.000
v264	1.016 0.925 2.996	-0.227 0.950 0.213	0.329 0.329 0.329 1.000
v265	1.467 0.924 3.301	-0.126 0.951 0.283	0.329 0.329 0.329 1.000
v266	1.999 0.924 3.407	0.001 0.938 0.346	0.329 0.329 0.329 1.000
v267	2.533 0.924 3.298	0.128 0.950 0.284	0.329 0.329 0.329 1.000
v268	2.985 0.924 2.991	0.228 0.950 0.214	0.329 0.329 0.329 1.000
v269	3.288 0.924 2.532	0.256 0.961 0.105	0.329 0.329 0.329 1.000
v270	3.396 0.924 1.991	0.314 0.949 0.008	0.329 0.329 0.329 1.000
v271	3.291 0.924 1.451	0.292 0.950 -0.111	0.329 0.329 0.329 1.000
v272	2.991 0.924 0.994	0.227 0.950 -0.213	0.329 0.329 0.329 1.000
v273	2.540 0.924 0.689	0.126 0.951 -0.283	0.329 0.329 0.329 1.000
v274	2.007 0.924 0.583	-0.001 0.938 -0.346	0.329 0.329 0.329 1.000
v275	1.474 0.924 0.692	-0.128 0.950 -0.284	0.329 0.329 0.329 1.000
v276	1.021 0.924 0.999	-0.228 0.950 -0.215	0.329 0.329 0.329 1.000
v277	0.718 0.924 1.458	-0.293 0.949 -0.113	0.329 0.329 0.329 1.000
v278	0.611 0.924 1.999	-0.277 0.961 -0.001	0.329 0.329 0.329 1.000
v279	0.184 0.726 2.000	-0.421 0.907 -0.001	0.329 0.329 0.329 1.000
v280	0.038 0.499 2.000	-0.998 0.000 0.063	0.329 0.329 0.329 1.000
v281	0.038 -0.004 2.000	-0.998 0.000 -0.068	0.329 0.329 0.329 1.000
v282	2.751 -0.004 3.834	0.000 -1.000 0.000	0.329 0.329 0.329 1.000
v283	1.247 -0.004 3.838	0.000 -1.000 0.000	0.329 0.329 0.329 1.000
v284	1.998 -0.004 3.988	0.000 -1.000 0.000	0.329 0.329 0.329 1.000
v285	0.610 -0.004 3.408	0.000 -1.000 0.000	0.329 0.329 0.329 1.000
v286	3.390 -0.004 3.400	0.000 -1.000 0.000	0.329 0.329 0.329 1.000
v287	0.186 -0.004 2.762	0.000 -1.000 0.000	0.329 0.329 0.329 1.000
v288	3.818 -0.004 2.752	0.000 -1.000 0.000	0.329 0.329 0.329 1.000
v289	0.038 -0.004 2.000	0.000 -1.000 0.000	0.329 0.329 0.329 1.000
v290	3.970 -0.004 1.989	0.000 -1.000 0.000	0.329 0.329 0.329 1.000
v291	0.190 -0.004 1.237	0.000 -1.000 0.000	0.329 0.329 0.329 1.000
v292	3.822 -0.004 1.227	0.000 -1.000 0.000	0.329 0.329 0.329 1.000
v293	0.618 -0.004 0.589	0.000 -1.000 0.000	0.329 0.329 0.329 1.000
v294	3.398 -0.004 0.581	0.000 -1.000 0.000	0.329 0.329 0.329 1.000
v295	1.257 -0.004 0.155	0.000 -1.000 0.000	0.329 0.329 0.329 1.000
v296	2.761 -0.004 0.150	0.000 -1.000 0.000	0.329 0.329 0.329 1.000
v297	2.009 -0.004 0.001	0.000 -1.000 0.000	0.329 0.329 0.329 1.000
v298	0.038 0.499 2.000	-0.841 0.538 -0.057	0.329 0.329 0.329 1.000
v299	0.324 0.726 1.293	-0.799 0.538 -0.269	0.329 0.329 0.329 1.000
v300	0.184 0.726 2.000	-0.841 0.538 0.053	0.329 0.329 0.329 1.000
v301	0.190 0.498 1.236	-0.757 0.539 -0.370	0.329 0.329 0.329 1.000
v302	0.721 0.726 0.693	-0.598 0.542 -0.591	0.329 0.329 0.329 1.000
v303	0.618 0.498 0.589	-0.598 0.542 -0.591	0.329 0.329 0.329 1.000
v304	1.257 0.498 0.155	-0.326 0.544 -0.773	0.329 0.329 0.329 1.000
v305	1.312 0.726 0.292	-0.326 0.544 -0.773	0.329 0.329 0.329 1.000
v306	2.009 0.726 0.149	-0.058 0.545 -0.836	0.329 0.329 0.329 1.000
v307	2.009 0.498 0.001	0.054 0.546 -0.836	0.329 0.329 0.329 1.000
v308	2.705 0.726 0.288	0.270 0.546 -0.793	0.329 0.329 0.329 1.000
v309	2.761 0.498 0.150	0.374 0.546 -0.750	0.329 0.329 0.329 1.000
v310	3.294 0.726 0.686	0.597 0.545 -0.589	0.329 0.329 0.329 1.000
v311	3.398 0.498 0.581	0.597 0.545 -0.589	0.329 0.329 0.329 1.000
v312	3.822 0.498 1.226	0.756 0.542 -0.367	0.329 0.329 0.329 1.000
v313	3.687 0.726 1.284	0.798 0.542 -0.265	0.329 0.329 0.329 1.000
v314	3.970 0.498 1.989	0.840 0.540 -0.053	0.329 0.329 0.329 1.000
v315	3.823 0.726 1.990	0.840 0.540 0.057	0.329 0.329 0.329 1.000
v316	3.818 0.498 2.752	0.798 0.540 0.268	0.329 0.329 0.329 1.000
v317	3.683 0.726 2.696	0.756 0.540 0.370	0.329 0.329 0.329 1.000
v318	3.390 0.498 3.400	0.636 0.541 0.550	0.329 0.329 0.329 1.000
v319	3.287 0.726 3.296	0.558 0.541 0.629	0.329 0.329 0.329 1.000
v320	2.751 0.498 3.834	0.377 0.542 0.751	0.329 0.329 0.329 1.000
v321	2.695 0.726 3.698	0.274 0.543 0.794	0.329 0.329 0.329 1.000
v322	1.999 0.499 3.988	0.002 0.545 0.839	0.329 0.329 0.329 1.000
v323	1.999 0.726 3.840	0.002 0.545 0.839	0.329 0.329 0.329 1.000
v324	1.247 0.499 3.838	-0.375 0.543 0.751	0.329 0.329 0.329 1.000
v325	1.303 0.726 3.702	-0.271 0.544 0.795	0.329 0.329 0.329 1.000
v326	0.610 0.499 3.408	-0.636 0.541 0.549	0.329 0.329 0.329 1.000
v327	0.713 0.727 3.303	-0.558 0.542 0.629	0.329 0.329 0.329 1.000
v328	0.321 0.727 2.706	-0.757 0.540 0.368	0.329 0.329 0.329 1.000
v329	0.186 0.499 2.762	-0.799 0.539 0.265	0.329 0.329 0.329 1.000
v330	0.184 0.726 2.000	-0.841 0.538 0.053	0.329 0.329 0.329 1.000
v331	0.038 0.499 2.000	-0.841 0.538 -0.057	0.329 0.329 0.329 1.000
f3 16 74 73
f3 0 16 73
f3 1 73 72
f3 0 73 1
f3 2 72 71
f3 1 72 2
f3 2 71 70
f3 3 2 70
f3 3 70 69
f3 4 3 69
f3 4 69 68
f3 5 4 68
f3 5 68 67
f3 6 5 67
f3 7 67 66
f3 6 67 7
f3 18 66 65
f3 7 66 18
f3 27 28 14
f3 15 27 14
f3 26 27 15
f3 19 26 15
f3 29 13 14
f3 28 29 14
f3 23 77 76
f3 20 77 23
f3 159 75 22
f3 160 159 22
f3 30 12 13
f3 29 30 13
f3 161 162 163
f3 164 161 163
f3 165 24 21
f3 166 24 165
f3 167 24 166
f3 168 24 167
f3 169 24 168
f3 11 24 169
f3 10 24 11
f3 9 24 10
f3 25 24 9
f3 17 25 9
f3 8 17 9
f3 170 171 172
f3 173 171 170
f3 174 173 170
f3 175 173 174
f3 176 175 174
f3 177 175 176
f3 178 175 177
f3 178 177 179
f3 180 178 179
f3 181 180 179
f3 182 181 179
f3 183 184 74
f3 16 183 74
f3 31 185 12
f3 30 31 12
f3 32 186 185
f3 31 32 185
f3 33 186 32
f3 187 186 33
f3 34 187 33
f3 188 187 34
f3 35 188 34
f3 189 188 35
f3 36 190 191
f3 192 190 36
f3 37 193 194
f3 195 37 194
f3 196 38 197
f3 198 196 197
f3 199 200 201
f3 202 199 201
f3 39 40 203
f3 204 39 203
f3 40 41 205
f3 203 40 205
f3 42 206 205
f3 41 42 205
f3 43 207 206
f3 42 43 206
f3 44 208 207
f3 43 44 207
f3 45 209 208
f3 44 45 208
f3 46 209 45
f3 210 209 46
f3 47 210 46
f3 211 210 47
f3 48 211 47
f3 212 211 48
f3 49 212 48
f3 213 212 49
f3 214 215 216
f3 50 215 214
f3 217 51 218
f3 219 217 218
f3 220 221 222
f3 223 220 222
f3 52 53 40
f3 39 52 40
f3 53 54 41
f3 40 53 41
f3 55 42 41
f3 54 55 41
f3 56 43 42
f3 55 56 42
f3 57 44 43
f3 56 57 43
f3 58 45 44
f3 57 58 44
f3 59 45 58
f3 46 45 59
f3 60 46 59
f3 47 46 60
f3 61 47 60
f3 48 47 61
f3 62 48 61
f3 49 48 62
f3 50 214 224
f3 63 50 224
f3 225 64 51
f3 217 225 51
f3 226 220 223
f3 227 226 223
f3 65 66 53
f3 52 65 53
f3 66 67 54
f3 53 66 54
f3 68 55 54
f3 67 68 54
f3 69 56 55
f3 68 69 55
f3 70 57 56
f3 69 70 56
f3 71 58 57
f3 70 71 57
f3 72 58 71
f3 59 58 72
f3 73 59 72
f3 60 59 73
f3 74 60 73
f3 61 60 74
f3 184 61 74
f3 62 61 184
f3 63 224 75
f3 159 63 75
f3 76 77 64
f3 225 76 64
f3 162 226 227
f3 163 162 227
f3 78 80 79
f3 228 81 80
f3 229 82 81
f3 230 83 82
f3 231 84 83
f3 232 85 84
f3 233 86 85
f3 234 87 86
f3 235 88 87
f3 236 89 88
f3 237 90 89
f3 238 91 90
f3 239 92 91
f3 240 93 92
f3 241 94 93
f3 242 243 94
f3 95 244 96
f3 245 244 95
f3 246 97 96
f3 244 246 96
f3 247 98 97
f3 246 247 97
f3 248 99 98
f3 247 248 98
f3 248 100 99
f3 249 100 248
f3 249 101 100
f3 250 101 249
f3 102 101 250
f3 251 102 250
f3 252 102 251
f3 103 102 252
f3 253 103 252
f3 104 103 253
f3 104 253 254
f3 105 104 254
f3 105 254 255
f3 106 105 255
f3 106 255 256
f3 107 106 256
f3 108 256 257
f3 107 256 108
f3 109 257 258
f3 108 257 109
f3 258 259 110
f3 109 258 110
f3 259 260 261
f3 110 259 261
f3 111 262 112
f3 263 262 111
f3 112 264 113
f3 262 264 112
f3 265 114 113
f3 264 265 113
f3 266 115 114
f3 265 266 114
f3 266 116 115
f3 267 116 266
f3 117 116 267
f3 268 117 267
f3 118 117 268
f3 269 118 268
f3 270 118 269
f3 119 118 270
f3 271 119 270
f3 120 119 271
f3 272 120 271
f3 121 120 272
f3 121 272 273
f3 122 121 273
f3 122 273 274
f3 123 122 274
f3 124 274 275
f3 123 274 124
f3 275 276 125
f3 124 275 125
f3 276 277 126
f3 125 276 126
f3 277 278 279
f3 126 277 279
f3 134 151 150
f3 133 134 150
f3 133 150 149
f3 132 133 149
f3 132 148 131
f3 149 148 132
f3 131 147 130
f3 148 147 131
f3 130 146 129
f3 147 146 130
f3 129 145 128
f3 146 145 129
f3 127 145 144
f3 128 145 127
f3 141 144 143
f3 127 144 141
f3 135 152 151
f3 134 135 151
f3 136 153 152
f3 135 136 152
f3 136 137 154
f3 153 136 154
f3 137 138 155
f3 154 137 155
f3 138 139 156
f3 155 138 156
f3 139 140 157
f3 156 139 157
f3 140 158 157
f3 142 158 140
f3 142 280 158
f3 281 280 142
f3 282 283 284
f3 285 283 282
f3 286 285 282
f3 287 285 286
f3 288 287 286
f3 289 287 288
f3 290 289 288
f3 291 289 290
f3 292 291 290
f3 293 291 292
f3 294 293 292
f3 295 293 294
f3 296 295 294
f3 297 295 296
f3 298 299 300
f3 301 299 298
f3 301 302 299
f3 303 302 301
f3 304 302 303
f3 305 302 304
f3 306 305 304
f3 307 306 304
f3 308 306 307
f3 309 308 307
f3 310 308 309
f3 311 310 309
f3 312 313 310
f3 311 312 310
f3 314 315 313
f3 312 314 313
f3 316 317 315
f3 314 316 315
f3 318 319 317
f3 316 318 317
f3 319 320 321
f3 318 320 319
f3 321 322 323
f3 320 322 321
f3 322 324 325
f3 323 322 325
f3 324 326 327
f3 325 324 327
f3 326 328 327
f3 329 328 326
f3 329 330 328
f3 331 330 329
