v0	-0.197 0.314 0.292	-0.665 0.651 0.366	0.302 0.302 0.302 1.000
v1	-0.197 0.198 0.422	-0.729 0.000 0.685	0.302 0.302 0.302 1.000
v2	-0.197 0.180 0.422	-0.605 -0.601 0.523	0.302 0.302 0.302 1.000
v3	-0.197 0.067 0.291	-0.687 -0.674 0.271	0.302 0.302 0.302 1.000
v4	0.191 0.067 0.291	0.689 -0.672 0.271	0.302 0.302 0.302 1.000
v5	0.191 0.180 0.421	0.607 -0.599 0.522	0.302 0.302 0.302 1.000
v6	0.191 0.198 0.421	0.731 0.000 0.683	0.302 0.302 0.302 1.000
v7	0.191 0.313 0.292	0.667 0.649 0.366	0.302 0.302 0.302 1.000
v8	-0.172 0.042 0.291	-0.687 -0.674 0.271	0.302 0.302 0.302 1.000
v9	-0.172 0.179 0.447	-0.605 -0.601 0.523	0.302 0.302 0.302 1.000
v10	-0.172 0.199 0.447	-0.729 0.000 0.685	0.302 0.302 0.302 1.000
v11	-0.172 0.339 0.291	-0.705 0.685 0.183	0.302 0.302 0.302 1.000
v12	0.167 0.339 0.291	0.707 0.683 0.184	0.302 0.302 0.302 1.000
v13	0.167 0.199 0.447	0.731 0.000 0.683	0.302 0.302 0.302 1.000
v14	0.167 0.179 0.447	0.607 -0.599 0.522	0.302 0.302 0.302 1.000
v15	0.167 0.042 0.291	0.689 -0.672 0.271	0.302 0.302 0.302 1.000
v16	-0.172 0.339 0.091	0.000 0.961 0.277	0.302 0.302 0.302 1.000
v17	0.167 0.339 0.091	0.000 0.990 0.139	0.302 0.302 0.302 1.000
v18	0.191 0.314 0.091	0.722 0.692 0.001	0.302 0.302 0.302 1.000
v19	0.191 0.067 0.090	0.965 0.000 0.260	0.302 0.302 0.302 1.000
v20	0.167 0.042 0.091	0.720 -0.694 0.000	0.302 0.302 0.302 1.000
v21	-0.172 0.042 0.091	0.000 -0.961 0.276	0.302 0.302 0.302 1.000
v22	-0.196 0.067 0.090	-0.717 -0.697 0.000	0.302 0.302 0.302 1.000
v23	-0.196 0.314 0.090	-0.992 0.000 0.128	0.302 0.302 0.302 1.000
v24	-0.188 0.353 0.060	0.000 0.990 0.138	0.302 0.302 0.302 1.000
v25	0.183 0.353 0.060	0.000 0.961 0.277	0.302 0.302 0.302 1.000
v26	0.209 0.325 0.059	0.601 0.570 0.560	0.302 0.302 0.302 1.000
v27	0.209 0.056 0.059	0.992 0.000 0.129	0.302 0.302 0.302 1.000
v28	0.183 0.028 0.060	0.599 -0.573 0.559	0.302 0.302 0.302 1.000
v29	-0.188 0.028 0.060	0.000 -0.978 0.208	0.302 0.302 0.302 1.000
v30	-0.214 0.056 0.059	-0.599 -0.573 0.559	0.302 0.302 0.302 1.000
v31	-0.214 0.325 0.059	-0.966 0.000 0.259	0.302 0.302 0.302 1.000
v32	0.191 0.067 -0.499	0.542 -0.529 -0.653	0.302 0.302 0.302 1.000
v33	0.167 0.042 -0.499	0.542 -0.529 -0.653	0.302 0.302 0.302 1.000
v34	-0.172 0.042 -0.499	0.000 -0.869 -0.495	0.302 0.302 0.302 1.000
v35	-0.196 0.067 -0.499	-0.538 -0.532 -0.654	0.302 0.302 0.302 1.000
v36	0.209 0.056 -0.475	0.542 -0.529 -0.653	0.302 0.302 0.302 1.000
v37	0.183 0.028 -0.474	0.542 -0.529 -0.653	0.302 0.302 0.302 1.000
v38	-0.188 0.028 -0.474	0.000 -0.985 -0.170	0.302 0.302 0.302 1.000
v39	-0.214 0.056 -0.475	-0.537 -0.532 -0.654	0.302 0.302 0.302 1.000
v40	-0.214 0.325 0.025	-1.000 0.000 -0.001	0.302 0.302 0.302 1.000
v41	0.209 0.325 0.025	0.722 0.692 0.001	0.302 0.302 0.302 1.000
v42	-0.188 0.353 0.025	0.000 1.000 0.000	0.302 0.302 0.302 1.000
v43	0.183 0.353 0.025	0.000 1.000 0.000	0.302 0.302 0.302 1.000
v44	-0.214 0.110 -0.475	-0.802 0.001 -0.598	0.302 0.302 0.302 1.000
v45	0.209 0.110 -0.475	1.000 0.000 0.000	0.302 0.302 0.302 1.000
v46	0.191 0.110 -0.499	0.000 0.000 -1.000	0.302 0.302 0.302 1.000
v47	-0.196 0.110 -0.499	-0.802 0.001 -0.598	0.302 0.302 0.302 1.000
v48	-0.214 0.110 0.025	-1.000 0.000 0.000	0.302 0.302 0.302 1.000
v49	0.209 0.110 0.025	1.000 0.000 0.000	0.302 0.302 0.302 1.000
v50	-0.132 0.314 0.318	0.000 0.746 0.665	0.302 0.302 0.302 1.000
v51	-0.132 0.203 0.443	0.000 0.746 0.665	0.302 0.302 0.302 1.000
v52	0.126 0.314 0.318	0.000 0.746 0.665	0.302 0.302 0.302 1.000
v53	0.126 0.203 0.443	0.000 0.746 0.665	0.302 0.302 0.302 1.000
v54	0.126 0.203 0.424	0.000 1.000 0.000	0.302 0.302 0.302 1.000
v55	0.126 0.314 0.313	0.000 0.705 0.710	0.000 0.000 0.000 1.000
v56	-0.132 0.203 0.424	0.000 1.000 0.000	0.302 0.302 0.302 1.000
v57	-0.132 0.314 0.313	0.000 0.705 0.710	0.000 0.000 0.000 1.000
v58	0.140 0.338 -0.520	-0.004 0.001 -1.000	0.671 0.671 0.490 1.000
v59	0.161 0.313 -0.520	-0.012 0.000 -1.000	0.671 0.671 0.490 1.000
v60	-0.178 0.313 -0.521	0.019 0.000 -1.000	0.671 0.671 0.490 1.000
v61	-0.156 0.338 -0.520	0.009 0.001 -1.000	0.671 0.671 0.490 1.000
v62	-0.170 0.351 -0.496	-0.591 0.510 -0.625	0.063 0.302 0.278 1.000
v63	0.154 0.351 -0.496	0.595 0.507 -0.624	0.063 0.302 0.278 1.000
v64	0.177 0.324 -0.496	0.595 0.507 -0.624	0.063 0.302 0.278 1.000
v65	-0.193 0.324 -0.496	-0.591 0.510 -0.625	0.063 0.302 0.278 1.000
v66	-0.178 0.110 -0.521	0.006 0.001 -1.000	0.671 0.671 0.490 1.000
v67	0.161 0.110 -0.521	-0.006 0.001 -1.000	0.671 0.671 0.490 1.000
v68	0.177 0.110 -0.496	0.839 0.000 -0.545	0.063 0.302 0.278 1.000
v69	-0.193 0.110 -0.496	-1.000 0.000 0.000	0.671 0.671 0.490 1.000
v70	0.153 0.351 0.003	0.765 0.644 0.001	0.063 0.302 0.278 1.000
v71	-0.170 0.351 0.003	0.000 1.000 0.000	0.671 0.671 0.490 1.000
v72	0.176 0.324 0.003	0.765 0.644 0.001	0.063 0.302 0.278 1.000
v73	-0.194 0.324 0.003	-1.000 0.000 0.000	0.671 0.671 0.490 1.000
v74	-0.194 0.110 0.003	-1.000 0.000 0.000	0.671 0.671 0.490 1.000
v75	0.176 0.110 0.003	1.000 0.000 0.000	0.671 0.671 0.490 1.000
v76	0.191 0.162 0.027	-0.088 -0.003 -0.996	0.133 0.133 0.133 1.000
v77	0.191 0.238 0.026	-0.088 -0.003 -0.996	0.133 0.133 0.133 1.000
v78	0.211 0.180 0.027	0.144 -0.003 -0.990	0.133 0.133 0.133 1.000
v79	0.211 0.220 0.027	0.144 -0.003 -0.990	0.133 0.133 0.133 1.000
v80	0.204 0.230 0.025	0.067 -0.003 -0.998	0.133 0.133 0.133 1.000
v81	0.204 0.170 0.026	-0.011 -0.003 -1.000	0.133 0.133 0.133 1.000
v82	0.211 0.180 0.132	0.973 0.004 0.232	0.133 0.133 0.133 1.000
v83	0.211 0.220 0.132	0.928 -0.010 0.371	0.133 0.133 0.133 1.000
v84	0.204 0.230 0.148	0.621 0.784 -0.001	0.133 0.133 0.133 1.000
v85	0.191 0.238 0.170	0.519 0.855 -0.001	0.133 0.133 0.133 1.000
v86	0.191 0.162 0.170	0.523 -0.852 0.001	0.133 0.133 0.133 1.000
v87	0.204 0.170 0.148	0.671 -0.742 0.001	0.133 0.133 0.133 1.000
v88	0.191 0.166 0.170	0.867 -0.147 0.476	0.133 0.133 0.133 1.000
v89	0.191 0.234 0.170	0.865 0.134 0.484	0.133 0.133 0.133 1.000
v90	0.197 0.170 0.160	0.879 -0.140 0.456	0.133 0.133 0.133 1.000
v91	0.197 0.230 0.160	0.884 0.072 0.462	0.133 0.133 0.133 1.000
v92	0.205 0.184 0.145	0.891 0.008 0.454	0.133 0.133 0.133 1.000
v93	0.205 0.217 0.145	0.892 0.002 0.451	0.133 0.133 0.133 1.000
v94	0.191 0.166 0.130	-1.000 0.000 -0.001	0.133 0.133 0.133 1.000
v95	0.191 0.234 0.130	-1.000 0.000 -0.001	0.133 0.133 0.133 1.000
v96	0.205 0.180 0.131	-0.144 0.003 0.990	0.133 0.133 0.133 1.000
v97	0.205 0.220 0.131	-0.144 0.003 0.990	0.133 0.133 0.133 1.000
v98	0.197 0.230 0.130	-0.067 0.003 0.998	0.133 0.133 0.133 1.000
v99	0.197 0.170 0.130	0.011 0.003 1.000	0.133 0.133 0.133 1.000
v100	-0.113 0.341 0.059	-0.995 -0.062 -0.072	0.133 0.133 0.133 1.000
v101	-0.081 0.353 0.059	0.000 0.000 -1.000	0.133 0.133 0.133 1.000
v102	0.084 0.353 0.059	0.000 0.000 -1.000	0.133 0.133 0.133 1.000
v103	0.116 0.341 0.059	0.000 0.000 -1.000	0.133 0.133 0.133 1.000
v104	0.116 0.337 0.059	0.000 0.000 -1.000	0.133 0.133 0.133 1.000
v105	-0.113 0.337 0.059	-0.995 -0.063 -0.072	0.133 0.133 0.133 1.000
v106	-0.077 0.337 0.280	0.000 0.000 1.000	0.133 0.133 0.133 1.000
v107	-0.077 0.341 0.280	0.000 0.000 1.000	0.133 0.133 0.133 1.000
v108	-0.055 0.353 0.280	0.000 0.000 1.000	0.133 0.133 0.133 1.000
v109	0.058 0.353 0.280	0.000 0.000 1.000	0.133 0.133 0.133 1.000
v110	0.080 0.341 0.280	0.000 0.000 1.000	0.133 0.133 0.133 1.000
v111	0.080 0.337 0.280	0.000 0.000 1.000	0.133 0.133 0.133 1.000
v112	-0.077 0.337 0.123	-0.999 -0.043 0.002	0.133 0.133 0.133 1.000
v113	-0.077 0.341 0.123	-0.999 -0.043 0.002	0.133 0.133 0.133 1.000
v114	-0.055 0.353 0.123	-0.226 0.972 0.063	0.133 0.133 0.133 1.000
v115	0.058 0.353 0.123	0.184 0.983 0.000	0.133 0.133 0.133 1.000
v116	0.080 0.341 0.123	0.396 0.885 0.245	0.133 0.133 0.133 1.000
v117	0.080 0.337 0.123	1.000 0.000 -0.002	0.133 0.133 0.133 1.000
v118	-0.115 0.337 0.091	-0.995 -0.063 -0.071	0.133 0.133 0.133 1.000
v119	-0.116 0.341 0.091	-0.995 -0.063 -0.072	0.133 0.133 0.133 1.000
v120	-0.082 0.353 0.091	-0.178 0.977 0.121	0.133 0.133 0.133 1.000
v121	0.085 0.353 0.091	0.126 0.989 0.071	0.133 0.133 0.133 1.000
v122	0.119 0.341 0.091	0.320 0.941 0.109	0.133 0.133 0.133 1.000
v123	0.119 0.337 0.091	0.997 0.000 -0.071	0.133 0.133 0.133 1.000
v124	-0.204 0.242 0.027	0.158 0.003 -0.987	0.133 0.133 0.133 1.000
v125	-0.204 0.159 0.026	0.158 0.003 -0.987	0.133 0.133 0.133 1.000
v126	-0.215 0.222 0.027	-0.253 0.003 -0.967	0.133 0.133 0.133 1.000
v127	-0.215 0.179 0.026	-0.253 0.003 -0.967	0.133 0.133 0.133 1.000
v128	-0.211 0.167 0.025	-0.049 0.003 -0.999	0.133 0.133 0.133 1.000
v129	-0.211 0.233 0.025	-0.049 0.003 -0.999	0.133 0.133 0.133 1.000
v130	-0.215 0.222 0.132	-0.986 0.049 0.158	0.133 0.133 0.133 1.000
v131	-0.215 0.178 0.132	-0.983 -0.119 0.140	0.133 0.133 0.133 1.000
v132	-0.211 0.167 0.148	-0.938 -0.311 0.152	0.133 0.133 0.133 1.000
v133	-0.204 0.159 0.170	-0.767 -0.642 -0.001	0.133 0.133 0.133 1.000
v134	-0.204 0.242 0.170	-0.771 0.637 0.001	0.133 0.133 0.133 1.000
v135	-0.211 0.233 0.148	-0.889 0.458 0.000	0.133 0.133 0.133 1.000
v136	-0.204 0.237 0.170	-0.940 -0.001 0.341	0.133 0.133 0.133 1.000
v137	-0.204 0.163 0.170	-0.953 -0.076 0.295	0.133 0.133 0.133 1.000
v138	-0.207 0.233 0.160	-0.957 0.015 0.291	0.133 0.133 0.133 1.000
v139	-0.208 0.167 0.160	-0.960 -0.041 0.277	0.133 0.133 0.133 1.000
v140	-0.212 0.218 0.145	-0.963 -0.001 0.270	0.133 0.133 0.133 1.000
v141	-0.212 0.182 0.145	-0.963 -0.001 0.270	0.133 0.133 0.133 1.000
v142	-0.204 0.237 0.130	1.000 0.000 0.000	0.133 0.133 0.133 1.000
v143	-0.204 0.163 0.130	1.000 0.000 0.000	0.133 0.133 0.133 1.000
v144	-0.212 0.222 0.131	0.253 -0.003 0.967	0.133 0.133 0.133 1.000
v145	-0.212 0.179 0.131	0.253 -0.003 0.967	0.133 0.133 0.133 1.000
v146	-0.207 0.167 0.130	0.049 -0.003 0.999	0.133 0.133 0.133 1.000
v147	-0.207 0.233 0.130	0.049 -0.003 0.999	0.133 0.133 0.133 1.000
v148	0.193 0.276 0.209	-1.000 0.000 0.000	0.000 0.000 0.000 1.000
v149	0.193 0.275 0.288	-1.000 0.000 0.000	0.000 0.000 0.000 1.000
v150	0.193 0.237 0.327	-1.000 0.000 0.000	0.000 0.000 0.000 1.000
v151	0.193 0.202 0.209	-1.000 0.000 0.000	0.000 0.000 0.000 1.000
v152	0.193 0.202 0.327	-1.000 0.000 0.000	0.000 0.000 0.000 1.000
v153	-0.197 0.314 0.292	-0.665 0.651 0.366	0.302 0.302 0.302 1.000
v154	-0.197 0.314 0.292	-0.665 0.651 0.366	0.302 0.302 0.302 1.000
v155	0.193 0.147 0.326	-1.000 0.000 0.000	0.000 0.000 0.000 1.000
v156	0.193 0.109 0.287	-1.000 0.000 0.000	0.000 0.000 0.000 1.000
v157	0.193 0.131 0.211	-1.000 0.000 0.000	0.000 0.000 0.000 1.000
v158	0.193 0.173 0.326	-1.000 0.000 0.000	0.000 0.000 0.000 1.000
v159	0.193 0.173 0.211	-1.000 0.000 0.000	0.000 0.000 0.000 1.000
v160	0.192 0.295 0.194	-1.000 0.000 0.000	0.251 0.251 0.251 1.000
v161	0.192 0.294 0.291	-1.000 0.000 0.000	0.251 0.251 0.251 1.000
v162	0.192 0.247 0.339	-1.000 0.000 0.000	0.251 0.251 0.251 1.000
v163	0.192 0.135 0.339	-1.000 0.000 0.000	0.251 0.251 0.251 1.000
v164	0.192 0.086 0.291	-1.000 0.000 0.000	0.251 0.251 0.251 1.000
v165	0.192 0.114 0.194	-1.000 0.000 0.000	0.251 0.251 0.251 1.000
v166	-0.198 0.276 0.209	-1.000 0.000 0.000	0.000 0.000 0.000 1.000
v167	-0.198 0.275 0.288	-1.000 0.000 0.000	0.000 0.000 0.000 1.000
v168	-0.198 0.237 0.327	-1.000 0.000 0.000	0.000 0.000 0.000 1.000
v169	-0.198 0.202 0.209	-1.000 0.000 0.000	0.000 0.000 0.000 1.000
v170	-0.198 0.202 0.327	-1.000 0.000 0.000	0.000 0.000 0.000 1.000
v171	-0.197 0.314 0.292	-0.665 0.651 0.366	0.302 0.302 0.302 1.000
v172	-0.197 0.314 0.292	-0.665 0.651 0.366	0.302 0.302 0.302 1.000
v173	-0.198 0.147 0.326	-1.000 0.000 0.000	0.000 0.000 0.000 1.000
v174	-0.198 0.109 0.287	-1.000 0.000 0.000	0.000 0.000 0.000 1.000
v175	-0.198 0.131 0.211	-1.000 0.000 0.000	0.000 0.000 0.000 1.000
v176	-0.198 0.173 0.326	-1.000 0.000 0.000	0.000 0.000 0.000 1.000
v177	-0.198 0.173 0.211	-1.000 0.000 0.000	0.000 0.000 0.000 1.000
v178	-0.197 0.295 0.194	-1.000 0.000 0.000	0.251 0.251 0.251 1.000
v179	-0.197 0.294 0.291	-1.000 0.000 0.000	0.251 0.251 0.251 1.000
v180	-0.197 0.247 0.339	-1.000 0.000 0.000	0.251 0.251 0.251 1.000
v181	-0.197 0.135 0.339	-1.000 0.000 0.000	0.251 0.251 0.251 1.000
v182	-0.197 0.086 0.291	-1.000 0.000 0.000	0.251 0.251 0.251 1.000
v183	-0.197 0.114 0.194	-1.000 0.000 0.000	0.251 0.251 0.251 1.000
v184	-0.197 0.180 0.422	-0.729 0.000 0.685	0.302 0.302 0.302 1.000
v185	-0.172 0.179 0.447	-0.729 0.000 0.685	0.302 0.302 0.302 1.000
v186	-0.172 0.199 0.447	-0.604 0.595 0.530	0.302 0.302 0.302 1.000
v187	-0.197 0.198 0.422	-0.604 0.595 0.530	0.302 0.302 0.302 1.000
v188	0.191 0.180 0.421	0.731 0.000 0.683	0.302 0.302 0.302 1.000
v189	0.167 0.179 0.447	0.731 0.000 0.683	0.302 0.302 0.302 1.000
v190	0.167 0.199 0.447	0.606 0.593 0.529	0.302 0.302 0.302 1.000
v191	0.191 0.198 0.421	0.606 0.593 0.529	0.302 0.302 0.302 1.000
v192	0.167 0.199 0.447	0.000 0.746 0.665	0.302 0.302 0.302 1.000
v193	-0.172 0.199 0.447	0.000 0.746 0.665	0.302 0.302 0.302 1.000
v194	0.167 0.339 0.291	0.000 0.746 0.665	0.302 0.302 0.302 1.000
v195	-0.172 0.339 0.291	0.000 0.746 0.665	0.302 0.302 0.302 1.000
v196	0.167 0.199 0.447	0.000 0.000 1.000	0.302 0.302 0.302 1.000
v197	-0.172 0.179 0.447	0.000 0.000 1.000	0.302 0.302 0.302 1.000
v198	-0.172 0.199 0.447	0.000 0.000 1.000	0.302 0.302 0.302 1.000
v199	0.167 0.179 0.447	0.000 0.000 1.000	0.302 0.302 0.302 1.000
v200	-0.172 0.042 0.291	0.000 -0.754 0.657	0.302 0.302 0.302 1.000
v201	-0.172 0.179 0.447	0.000 -0.754 0.657	0.302 0.302 0.302 1.000
v202	0.167 0.179 0.447	0.000 -0.754 0.657	0.302 0.302 0.302 1.000
v203	0.167 0.042 0.291	0.000 -0.754 0.657	0.302 0.302 0.302 1.000
v204	0.167 0.339 0.291	0.000 1.000 0.001	0.302 0.302 0.302 1.000
v205	-0.172 0.339 0.291	0.000 1.000 0.001	0.302 0.302 0.302 1.000
v206	0.167 0.339 0.291	0.707 0.683 0.184	0.302 0.302 0.302 1.000
v207	0.167 0.339 0.091	0.722 0.692 0.001	0.302 0.302 0.302 1.000
v208	0.191 0.313 0.292	0.667 0.649 0.366	0.302 0.302 0.302 1.000
v209	0.191 0.198 0.421	1.000 0.000 0.000	0.302 0.302 0.302 1.000
v210	0.191 0.313 0.292	1.000 0.000 0.000	0.302 0.302 0.302 1.000
v211	0.191 0.314 0.091	0.992 0.000 0.129	0.302 0.302 0.302 1.000
v212	0.191 0.180 0.421	1.000 0.000 0.000	0.302 0.302 0.302 1.000
v213	0.191 0.067 0.291	1.000 0.000 0.000	0.302 0.302 0.302 1.000
v214	0.191 0.067 0.090	0.720 -0.694 0.000	0.302 0.302 0.302 1.000
v215	0.167 0.042 0.091	0.000 -0.990 0.138	0.302 0.302 0.302 1.000
v216	-0.172 0.042 0.291	0.000 -1.000 0.000	0.302 0.302 0.302 1.000
v217	0.167 0.042 0.291	0.000 -1.000 0.000	0.302 0.302 0.302 1.000
v218	-0.172 0.042 0.091	-0.717 -0.697 0.000	0.302 0.302 0.302 1.000
v219	-0.197 0.198 0.422	-1.000 0.000 -0.001	0.302 0.302 0.302 1.000
v220	-0.197 0.314 0.292	-1.000 0.000 -0.001	0.302 0.302 0.302 1.000
v221	-0.197 0.180 0.422	-1.000 0.000 0.000	0.302 0.302 0.302 1.000
v222	-0.196 0.067 0.090	-0.966 0.000 0.259	0.302 0.302 0.302 1.000
v223	-0.197 0.067 0.291	-1.000 0.000 0.000	0.302 0.302 0.302 1.000
v224	-0.196 0.314 0.090	-0.720 0.694 0.001	0.302 0.302 0.302 1.000
v225	-0.172 0.339 0.091	-0.720 0.694 0.001	0.302 0.302 0.302 1.000
v226	0.167 0.339 0.091	0.000 0.990 0.139	0.302 0.302 0.302 1.000
v227	-0.172 0.339 0.091	0.000 0.961 0.277	0.302 0.302 0.302 1.000
v228	0.167 0.339 0.091	0.601 0.570 0.560	0.302 0.302 0.302 1.000
v229	0.183 0.353 0.060	0.601 0.570 0.560	0.302 0.302 0.302 1.000
v230	0.191 0.314 0.091	0.601 0.570 0.560	0.302 0.302 0.302 1.000
v231	0.191 0.067 0.090	0.965 0.000 0.260	0.302 0.302 0.302 1.000
v232	0.191 0.314 0.091	0.992 0.000 0.129	0.302 0.302 0.302 1.000
v233	0.209 0.325 0.059	0.966 0.000 0.260	0.302 0.302 0.302 1.000
v234	0.167 0.042 0.091	0.599 -0.573 0.559	0.302 0.302 0.302 1.000
v235	0.191 0.067 0.090	0.599 -0.573 0.559	0.302 0.302 0.302 1.000
v236	0.209 0.056 0.059	0.599 -0.573 0.559	0.302 0.302 0.302 1.000
v237	0.183 0.028 0.060	0.000 -0.978 0.208	0.302 0.302 0.302 1.000
v238	-0.172 0.042 0.091	0.000 -0.961 0.276	0.302 0.302 0.302 1.000
v239	0.167 0.042 0.091	0.000 -0.990 0.138	0.302 0.302 0.302 1.000
v240	-0.172 0.042 0.091	-0.599 -0.573 0.559	0.302 0.302 0.302 1.000
v241	-0.196 0.067 0.090	-0.599 -0.573 0.559	0.302 0.302 0.302 1.000
v242	-0.188 0.028 0.060	-0.599 -0.573 0.559	0.302 0.302 0.302 1.000
v243	-0.196 0.067 0.090	-0.966 0.000 0.259	0.302 0.302 0.302 1.000
v244	-0.196 0.314 0.090	-0.992 0.000 0.128	0.302 0.302 0.302 1.000
v245	-0.214 0.056 0.059	-0.992 0.000 0.128	0.302 0.302 0.302 1.000
v246	-0.214 0.325 0.059	-0.602 0.570 0.559	0.302 0.302 0.302 1.000
v247	-0.188 0.353 0.060	-0.602 0.570 0.559	0.302 0.302 0.302 1.000
v248	-0.172 0.339 0.091	-0.602 0.570 0.559	0.302 0.302 0.302 1.000
v249	-0.196 0.314 0.090	-0.602 0.570 0.559	0.302 0.302 0.302 1.000
v250	0.183 0.028 -0.474	0.000 -0.940 -0.340	0.302 0.302 0.302 1.000
v251	0.167 0.042 -0.499	0.000 -0.869 -0.495	0.302 0.302 0.302 1.000
v252	-0.188 0.028 -0.474	-0.538 -0.532 -0.654	0.302 0.302 0.302 1.000
v253	-0.172 0.042 -0.499	-0.538 -0.532 -0.654	0.302 0.302 0.302 1.000
v254	-0.196 0.067 -0.499	-0.802 0.001 -0.598	0.302 0.302 0.302 1.000
v255	-0.214 0.056 -0.475	-0.802 0.001 -0.598	0.302 0.302 0.302 1.000
v256	0.183 0.028 0.060	0.720 -0.694 0.000	0.302 0.302 0.302 1.000
v257	0.209 0.056 0.059	0.720 -0.694 0.000	0.302 0.302 0.302 1.000
v258	0.209 0.056 -0.475	0.720 -0.694 0.000	0.302 0.302 0.302 1.000
v259	0.183 0.028 -0.474	0.720 -0.694 0.000	0.302 0.302 0.302 1.000
v260	-0.188 0.028 -0.474	0.000 -0.985 -0.170	0.302 0.302 0.302 1.000
v261	0.183 0.028 -0.474	0.000 -0.940 -0.340	0.302 0.302 0.302 1.000
v262	-0.188 0.028 0.060	-0.717 -0.697 0.000	0.302 0.302 0.302 1.000
v263	-0.214 0.056 -0.475	-0.717 -0.697 0.000	0.302 0.302 0.302 1.000
v264	-0.214 0.056 0.059	-0.717 -0.697 0.000	0.302 0.302 0.302 1.000
v265	-0.188 0.028 -0.474	-0.717 -0.697 0.000	0.302 0.302 0.302 1.000
v266	-0.214 0.110 -0.475	-1.000 0.000 0.000	0.302 0.302 0.302 1.000
v267	-0.214 0.056 -0.475	-1.000 0.000 0.000	0.302 0.302 0.302 1.000
v268	-0.214 0.325 0.059	-0.720 0.694 0.000	0.302 0.302 0.302 1.000
v269	-0.188 0.353 0.025	-0.720 0.694 0.000	0.302 0.302 0.302 1.000
v270	-0.188 0.353 0.060	-0.720 0.694 0.000	0.302 0.302 0.302 1.000
v271	-0.214 0.325 0.025	-0.720 0.694 0.000	0.302 0.302 0.302 1.000
v272	0.183 0.353 0.060	0.722 0.692 0.001	0.302 0.302 0.302 1.000
v273	0.183 0.353 0.025	0.722 0.692 0.001	0.302 0.302 0.302 1.000
v274	0.209 0.325 0.059	0.722 0.692 0.001	0.302 0.302 0.302 1.000
v275	0.209 0.056 -0.475	1.000 0.000 0.000	0.302 0.302 0.302 1.000
v276	0.209 0.325 0.025	1.000 0.000 0.001	0.302 0.302 0.302 1.000
v277	-0.172 0.042 -0.499	0.008 -0.003 -1.000	0.302 0.302 0.302 1.000
v278	-0.196 0.110 -0.499	0.004 -0.003 -1.000	0.302 0.302 0.302 1.000
v279	-0.196 0.067 -0.499	0.017 0.000 -1.000	0.302 0.302 0.302 1.000
v280	0.167 0.042 -0.499	0.000 -0.007 -1.000	0.302 0.302 0.302 1.000
v281	0.191 0.067 -0.499	0.000 -0.004 -1.000	0.302 0.302 0.302 1.000
v282	0.191 0.067 -0.499	0.803 0.000 -0.597	0.302 0.302 0.302 1.000
v283	0.209 0.110 -0.475	0.803 0.000 -0.597	0.302 0.302 0.302 1.000
v284	0.191 0.110 -0.499	0.803 0.000 -0.597	0.302 0.302 0.302 1.000
v285	0.209 0.056 -0.475	0.803 0.000 -0.597	0.302 0.302 0.302 1.000
v286	-0.188 0.353 0.025	0.000 0.000 -1.000	0.302 0.302 0.302 1.000
v287	-0.214 0.325 0.025	0.000 0.000 -1.000	0.302 0.302 0.302 1.000
v288	-0.214 0.110 0.025	0.000 0.000 -1.000	0.302 0.302 0.302 1.000
v289	0.183 0.353 0.025	0.000 0.000 -1.000	0.302 0.302 0.302 1.000
v290	0.209 0.110 0.025	0.000 0.000 -1.000	0.302 0.302 0.302 1.000
v291	0.209 0.325 0.025	0.000 0.000 -1.000	0.302 0.302 0.302 1.000
v292	0.209 0.110 -0.475	0.000 1.000 0.000	0.302 0.302 0.302 1.000
v293	0.209 0.110 0.025	0.000 1.000 0.000	0.302 0.302 0.302 1.000
v294	-0.214 0.110 0.025	0.000 1.000 0.000	0.302 0.302 0.302 1.000
v295	-0.214 0.110 -0.475	0.000 1.000 0.000	0.302 0.302 0.302 1.000
v296	0.191 0.110 -0.499	0.000 1.000 0.000	0.302 0.302 0.302 1.000
v297	-0.196 0.110 -0.499	0.000 1.000 0.000	0.302 0.302 0.302 1.000
v298	0.126 0.203 0.443	0.000 1.000 0.000	0.302 0.302 0.302 1.000
v299	-0.132 0.203 0.443	0.000 1.000 0.000	0.302 0.302 0.302 1.000
v300	0.126 0.203 0.424	0.000 0.705 0.710	0.000 0.000 0.000 1.000
v301	-0.132 0.203 0.424	0.000 0.705 0.710	0.000 0.000 0.000 1.000
v302	-0.132 0.203 0.443	1.000 0.000 0.000	0.302 0.302 0.302 1.000
v303	-0.132 0.314 0.318	1.000 0.000 0.000	0.302 0.302 0.302 1.000
v304	-0.132 0.314 0.313	1.000 0.000 0.000	0.302 0.302 0.302 1.000
v305	-0.132 0.203 0.424	1.000 0.000 0.000	0.302 0.302 0.302 1.000
v306	0.126 0.203 0.443	-1.000 0.000 0.000	0.302 0.302 0.302 1.000
v307	0.126 0.314 0.313	-1.000 0.000 0.000	0.302 0.302 0.302 1.000
v308	0.126 0.314 0.318	-1.000 0.000 0.000	0.302 0.302 0.302 1.000
v309	0.126 0.203 0.424	-1.000 0.000 0.000	0.302 0.302 0.302 1.000
v310	0.126 0.314 0.313	0.000 -1.000 0.000	0.302 0.302 0.302 1.000
v311	-0.132 0.314 0.318	0.000 -1.000 0.000	0.302 0.302 0.302 1.000
v312	0.126 0.314 0.318	0.000 -1.000 0.000	0.302 0.302 0.302 1.000
v313	-0.132 0.314 0.313	0.000 -1.000 0.000	0.302 0.302 0.302 1.000
v314	0.161 0.313 -0.520	0.595 0.507 -0.624	0.063 0.302 0.278 1.000
v315	0.140 0.338 -0.520	0.595 0.507 -0.624	0.063 0.302 0.278 1.000
v316	0.161 0.110 -0.521	0.839 0.000 -0.545	0.063 0.302 0.278 1.000
v317	0.177 0.324 -0.496	0.839 0.000 -0.545	0.063 0.302 0.278 1.000
v318	0.161 0.313 -0.520	0.839 0.000 -0.545	0.063 0.302 0.278 1.000
v319	-0.178 0.313 -0.521	-0.591 0.510 -0.625	0.063 0.302 0.278 1.000
v320	-0.156 0.338 -0.520	-0.591 0.510 -0.625	0.063 0.302 0.278 1.000
v321	-0.156 0.338 -0.520	0.000 0.870 -0.492	0.063 0.302 0.278 1.000
v322	0.154 0.351 -0.496	0.000 0.941 -0.338	0.063 0.302 0.278 1.000
v323	-0.170 0.351 -0.496	0.000 0.986 -0.169	0.063 0.302 0.278 1.000
v324	0.140 0.338 -0.520	0.000 0.870 -0.492	0.063 0.302 0.278 1.000
v325	0.177 0.324 -0.496	0.765 0.644 0.001	0.063 0.302 0.278 1.000
v326	0.154 0.351 -0.496	0.765 0.644 0.001	0.063 0.302 0.278 1.000
v327	0.177 0.110 -0.496	1.000 0.000 0.001	0.671 0.671 0.490 1.000
v328	0.176 0.324 0.003	1.000 0.000 0.001	0.671 0.671 0.490 1.000
v329	0.177 0.324 -0.496	1.000 0.000 0.001	0.671 0.671 0.490 1.000
v330	-0.193 0.324 -0.496	-1.000 0.000 -0.001	0.671 0.671 0.490 1.000
v331	-0.170 0.351 -0.496	0.000 0.986 -0.169	0.671 0.671 0.490 1.000
v332	0.153 0.351 0.003	0.000 1.000 0.000	0.671 0.671 0.490 1.000
v333	0.154 0.351 -0.496	0.000 0.941 -0.338	0.671 0.671 0.490 1.000
v334	-0.194 0.324 0.003	-0.763 0.646 0.000	0.063 0.302 0.278 1.000
v335	-0.170 0.351 -0.496	-0.763 0.646 0.000	0.063 0.302 0.278 1.000
v336	-0.170 0.351 0.003	-0.763 0.646 0.000	0.063 0.302 0.278 1.000
v337	-0.193 0.324 -0.496	-0.763 0.646 0.000	0.063 0.302 0.278 1.000
v338	-0.178 0.110 -0.521	-0.838 0.001 -0.546	0.063 0.302 0.278 1.000
v339	-0.178 0.313 -0.521	-0.838 0.001 -0.546	0.063 0.302 0.278 1.000
v340	-0.193 0.324 -0.496	-0.838 0.001 -0.546	0.063 0.302 0.278 1.000
v341	-0.193 0.110 -0.496	-0.838 0.001 -0.546	0.063 0.302 0.278 1.000
v342	-0.170 0.351 0.003	0.000 0.000 1.000	0.671 0.671 0.490 1.000
v343	-0.194 0.110 0.003	0.000 0.000 1.000	0.671 0.671 0.490 1.000
v344	-0.194 0.324 0.003	0.000 0.000 1.000	0.671 0.671 0.490 1.000
v345	0.153 0.351 0.003	0.000 0.000 1.000	0.671 0.671 0.490 1.000
v346	0.176 0.110 0.003	0.000 0.000 1.000	0.671 0.671 0.490 1.000
v347	0.176 0.324 0.003	0.000 0.000 1.000	0.671 0.671 0.490 1.000
v348	0.177 0.110 -0.496	0.000 -1.000 0.000	0.671 0.671 0.490 1.000
v349	-0.194 0.110 0.003	0.000 -1.000 0.000	0.671 0.671 0.490 1.000
v350	0.176 0.110 0.003	0.000 -1.000 0.000	0.671 0.671 0.490 1.000
v351	-0.193 0.110 -0.496	0.000 -1.000 0.000	0.671 0.671 0.490 1.000
v352	0.161 0.110 -0.521	0.000 -1.000 0.000	0.671 0.671 0.490 1.000
v353	-0.178 0.110 -0.521	0.000 -1.000 0.000	0.671 0.671 0.490 1.000
v354	0.204 0.170 0.026	-0.011 -0.003 -1.000	0.133 0.133 0.133 1.000
v355	0.204 0.230 0.025	0.067 -0.003 -0.998	0.133 0.133 0.133 1.000
v356	0.211 0.220 0.027	1.000 0.000 0.001	0.133 0.133 0.133 1.000
v357	0.211 0.180 0.027	1.000 0.000 0.001	0.133 0.133 0.133 1.000
v358	0.211 0.220 0.132	0.796 0.606 0.000	0.133 0.133 0.133 1.000
v359	0.204 0.230 0.025	0.714 0.700 0.000	0.133 0.133 0.133 1.000
v360	0.211 0.220 0.027	0.795 0.606 0.000	0.133 0.133 0.133 1.000
v361	0.191 0.238 0.026	0.519 0.855 -0.001	0.133 0.133 0.133 1.000
v362	0.204 0.230 0.148	0.621 0.784 -0.001	0.133 0.133 0.133 1.000
v363	0.204 0.230 0.025	0.714 0.700 0.000	0.133 0.133 0.133 1.000
v364	0.191 0.162 0.027	0.523 -0.852 0.001	0.133 0.133 0.133 1.000
v365	0.204 0.170 0.026	0.671 -0.741 0.001	0.133 0.133 0.133 1.000
v366	0.204 0.170 0.148	0.733 -0.674 0.093	0.133 0.133 0.133 1.000
v367	0.211 0.180 0.132	0.795 -0.606 0.001	0.133 0.133 0.133 1.000
v368	0.211 0.180 0.027	0.796 -0.606 0.001	0.133 0.133 0.133 1.000
v369	0.204 0.170 0.026	0.671 -0.741 0.001	0.133 0.133 0.133 1.000
v370	0.204 0.230 0.148	0.874 0.072 0.480	0.133 0.133 0.133 1.000
v371	0.191 0.238 0.170	0.863 0.002 0.505	0.133 0.133 0.133 1.000
v372	0.211 0.220 0.132	0.928 -0.010 0.371	0.133 0.133 0.133 1.000
v373	0.204 0.170 0.148	0.882 -0.066 0.467	0.133 0.133 0.133 1.000
v374	0.204 0.170 0.148	0.907 -0.263 0.331	0.133 0.133 0.133 1.000
v375	0.191 0.162 0.170	0.865 0.002 0.502	0.133 0.133 0.133 1.000
v376	0.191 0.234 0.170	-1.000 0.000 -0.001	0.133 0.133 0.133 1.000
v377	0.191 0.238 0.026	-1.000 0.000 -0.001	0.133 0.133 0.133 1.000
v378	0.191 0.238 0.170	-1.000 0.000 -0.001	0.133 0.133 0.133 1.000
v379	0.191 0.162 0.027	-1.000 0.000 -0.001	0.133 0.133 0.133 1.000
v380	0.191 0.162 0.170	-1.000 0.000 -0.001	0.133 0.133 0.133 1.000
v381	0.191 0.166 0.170	-1.000 0.000 -0.001	0.133 0.133 0.133 1.000
v382	0.197 0.170 0.130	0.011 0.003 1.000	0.133 0.133 0.133 1.000
v383	0.191 0.166 0.130	0.088 0.003 0.996	0.133 0.133 0.133 1.000
v384	0.191 0.234 0.130	0.088 0.003 0.996	0.133 0.133 0.133 1.000
v385	0.197 0.230 0.130	-0.067 0.003 0.998	0.133 0.133 0.133 1.000
v386	0.205 0.220 0.131	-0.858 -0.511 -0.050	0.133 0.133 0.133 1.000
v387	0.197 0.230 0.130	-0.669 -0.743 0.000	0.133 0.133 0.133 1.000
v388	0.197 0.230 0.160	-0.709 -0.704 -0.026	0.133 0.133 0.133 1.000
v389	0.205 0.217 0.145	-0.977 -0.208 -0.053	0.133 0.133 0.133 1.000
v390	0.205 0.220 0.131	-0.964 -0.264 -0.028	0.133 0.133 0.133 1.000
v391	0.197 0.230 0.160	-0.858 -0.511 -0.050	0.133 0.133 0.133 1.000
v392	0.191 0.166 0.130	-0.523 0.852 -0.001	0.133 0.133 0.133 1.000
v393	0.197 0.170 0.160	-0.624 0.782 -0.001	0.133 0.133 0.133 1.000
v394	0.191 0.166 0.170	-0.523 0.852 -0.001	0.133 0.133 0.133 1.000
v395	0.197 0.170 0.130	-0.671 0.741 -0.001	0.133 0.133 0.133 1.000
v396	0.191 0.234 0.130	-0.519 -0.855 0.001	0.133 0.133 0.133 1.000
v397	0.191 0.234 0.170	-0.519 -0.855 0.001	0.133 0.133 0.133 1.000
v398	0.197 0.230 0.160	-0.621 -0.784 0.001	0.133 0.133 0.133 1.000
v399	0.197 0.230 0.130	-0.669 -0.743 0.000	0.133 0.133 0.133 1.000
v400	0.197 0.170 0.160	-0.861 0.505 -0.054	0.133 0.133 0.133 1.000
v401	0.205 0.180 0.131	-0.937 0.347 -0.039	0.133 0.133 0.133 1.000
v402	0.205 0.184 0.145	-0.990 0.135 -0.039	0.133 0.133 0.133 1.000
v403	0.197 0.170 0.130	-0.671 0.741 -0.001	0.133 0.133 0.133 1.000
v404	0.205 0.180 0.131	-0.861 0.505 -0.054	0.133 0.133 0.133 1.000
v405	0.197 0.170 0.160	-0.713 0.701 -0.028	0.133 0.133 0.133 1.000
v406	0.205 0.184 0.145	-0.990 0.135 -0.039	0.133 0.133 0.133 1.000
v407	0.205 0.220 0.131	-0.990 -0.138 -0.037	0.133 0.133 0.133 1.000
v408	0.205 0.217 0.145	-0.977 -0.208 -0.053	0.133 0.133 0.133 1.000
v409	0.205 0.180 0.131	-0.978 0.203 -0.057	0.133 0.133 0.133 1.000
v410	-0.113 0.341 0.059	0.000 0.000 -1.000	0.133 0.133 0.133 1.000
v411	-0.113 0.337 0.059	0.000 0.000 -1.000	0.133 0.133 0.133 1.000
v412	-0.081 0.353 0.059	-0.162 0.987 -0.010	0.133 0.133 0.133 1.000
v413	-0.116 0.341 0.091	-0.317 0.942 0.108	0.133 0.133 0.133 1.000
v414	-0.113 0.341 0.059	-0.323 0.946 -0.023	0.133 0.133 0.133 1.000
v415	-0.082 0.353 0.091	-0.126 0.990 0.070	0.133 0.133 0.133 1.000
v416	0.084 0.353 0.059	0.218 0.976 -0.013	0.133 0.133 0.133 1.000
v417	0.085 0.353 0.091	0.179 0.976 0.122	0.133 0.133 0.133 1.000
v418	0.116 0.341 0.059	0.325 0.945 -0.023	0.133 0.133 0.133 1.000
v419	0.116 0.337 0.059	0.997 0.000 -0.071	0.133 0.133 0.133 1.000
v420	0.119 0.341 0.091	0.997 0.000 -0.071	0.133 0.133 0.133 1.000
v421	0.116 0.341 0.059	0.997 0.000 -0.071	0.133 0.133 0.133 1.000
v422	-0.077 0.341 0.280	-0.999 -0.043 0.002	0.133 0.133 0.133 1.000
v423	-0.077 0.337 0.280	-0.999 -0.043 0.002	0.133 0.133 0.133 1.000
v424	-0.055 0.353 0.280	-0.229 0.973 0.001	0.133 0.133 0.133 1.000
v425	-0.077 0.341 0.280	-0.446 0.895 0.001	0.133 0.133 0.133 1.000
v426	-0.077 0.341 0.123	-0.393 0.887 0.244	0.133 0.133 0.133 1.000
v427	-0.055 0.353 0.123	-0.183 0.983 0.001	0.133 0.133 0.133 1.000
v428	0.058 0.353 0.280	0.153 0.988 0.000	0.133 0.133 0.133 1.000
v429	0.058 0.353 0.123	0.228 0.972 0.063	0.133 0.133 0.133 1.000
v430	0.080 0.341 0.280	0.449 0.893 -0.001	0.133 0.133 0.133 1.000
v431	0.080 0.341 0.280	1.000 0.000 -0.002	0.133 0.133 0.133 1.000
v432	0.080 0.341 0.123	1.000 0.000 -0.002	0.133 0.133 0.133 1.000
v433	0.080 0.337 0.280	1.000 0.000 -0.002	0.133 0.133 0.133 1.000
v434	-0.077 0.341 0.123	-0.637 -0.034 0.770	0.133 0.133 0.133 1.000
v435	-0.115 0.337 0.091	-0.637 -0.034 0.770	0.133 0.133 0.133 1.000
v436	-0.116 0.341 0.091	-0.636 -0.041 0.771	0.133 0.133 0.133 1.000
v437	-0.077 0.337 0.123	-0.637 -0.027 0.770	0.133 0.133 0.133 1.000
v438	-0.082 0.353 0.091	-0.350 0.906 0.239	0.133 0.133 0.133 1.000
v439	-0.055 0.353 0.123	-0.443 0.888 0.123	0.133 0.133 0.133 1.000
v440	0.085 0.353 0.091	0.352 0.904 0.241	0.133 0.133 0.133 1.000
v441	0.058 0.353 0.123	0.446 0.887 0.122	0.133 0.133 0.133 1.000
v442	0.119 0.341 0.091	0.637 0.000 0.771	0.133 0.133 0.133 1.000
v443	0.080 0.337 0.123	0.637 0.000 0.771	0.133 0.133 0.133 1.000
v444	0.080 0.341 0.123	0.637 0.000 0.771	0.133 0.133 0.133 1.000
v445	0.119 0.337 0.091	0.637 0.000 0.771	0.133 0.133 0.133 1.000
v446	-0.211 0.233 0.025	-0.049 0.003 -0.999	0.133 0.133 0.133 1.000
v447	-0.211 0.167 0.025	-0.049 0.003 -0.999	0.133 0.133 0.133 1.000
v448	-0.215 0.179 0.026	-0.992 -0.122 -0.001	0.133 0.133 0.133 1.000
v449	-0.215 0.222 0.027	-0.970 0.244 0.000	0.133 0.133 0.133 1.000
v450	-0.211 0.167 0.025	-0.888 -0.460 -0.001	0.133 0.133 0.133 1.000
v451	-0.215 0.179 0.026	-0.992 -0.122 -0.001	0.133 0.133 0.133 1.000
v452	-0.215 0.178 0.132	-0.983 -0.119 0.140	0.133 0.133 0.133 1.000
v453	-0.204 0.159 0.026	-0.767 -0.642 -0.001	0.133 0.133 0.133 1.000
v454	-0.211 0.167 0.025	-0.888 -0.460 -0.001	0.133 0.133 0.133 1.000
v455	-0.211 0.167 0.148	-0.832 -0.555 -0.001	0.133 0.133 0.133 1.000
v456	-0.211 0.233 0.025	-0.834 0.551 0.000	0.133 0.133 0.133 1.000
v457	-0.204 0.242 0.027	-0.771 0.637 0.001	0.133 0.133 0.133 1.000
v458	-0.215 0.222 0.027	-0.970 0.244 0.000	0.133 0.133 0.133 1.000
v459	-0.211 0.233 0.025	-0.834 0.551 0.000	0.133 0.133 0.133 1.000
v460	-0.211 0.233 0.148	-0.948 0.296 0.115	0.133 0.133 0.133 1.000
v461	-0.215 0.222 0.132	-0.986 0.049 0.158	0.133 0.133 0.133 1.000
v462	-0.204 0.242 0.170	-0.950 0.041 0.308	0.133 0.133 0.133 1.000
v463	-0.211 0.233 0.148	-0.969 0.201 0.141	0.133 0.133 0.133 1.000
v464	-0.211 0.167 0.148	-0.967 -0.123 0.221	0.133 0.133 0.133 1.000
v465	-0.204 0.159 0.170	-0.951 -0.001 0.308	0.133 0.133 0.133 1.000
v466	-0.204 0.242 0.170	1.000 0.000 0.000	0.133 0.133 0.133 1.000
v467	-0.204 0.242 0.027	1.000 0.000 0.000	0.133 0.133 0.133 1.000
v468	-0.204 0.159 0.026	1.000 0.000 0.000	0.133 0.133 0.133 1.000
v469	-0.204 0.163 0.170	1.000 0.000 0.000	0.133 0.133 0.133 1.000
v470	-0.204 0.159 0.170	1.000 0.000 0.000	0.133 0.133 0.133 1.000
v471	-0.204 0.237 0.170	1.000 0.000 0.000	0.133 0.133 0.133 1.000
v472	-0.204 0.237 0.130	-0.158 -0.003 0.987	0.133 0.133 0.133 1.000
v473	-0.207 0.167 0.130	0.049 -0.003 0.999	0.133 0.133 0.133 1.000
v474	-0.207 0.233 0.130	0.049 -0.003 0.999	0.133 0.133 0.133 1.000
v475	-0.204 0.163 0.130	-0.158 -0.003 0.987	0.133 0.133 0.133 1.000
v476	-0.207 0.167 0.130	0.899 0.437 -0.032	0.133 0.133 0.133 1.000
v477	-0.212 0.182 0.145	0.986 0.164 -0.025	0.133 0.133 0.133 1.000
v478	-0.212 0.179 0.131	0.981 0.188 -0.050	0.133 0.133 0.133 1.000
v479	-0.208 0.167 0.160	0.847 0.531 0.001	0.133 0.133 0.133 1.000
v480	-0.207 0.233 0.130	0.834 -0.551 0.000	0.133 0.133 0.133 1.000
v481	-0.204 0.237 0.170	0.771 -0.637 0.000	0.133 0.133 0.133 1.000
v482	-0.204 0.237 0.130	0.771 -0.637 0.000	0.133 0.133 0.133 1.000
v483	-0.207 0.233 0.160	0.911 -0.413 -0.021	0.133 0.133 0.133 1.000
v484	-0.204 0.163 0.130	0.767 0.642 0.001	0.133 0.133 0.133 1.000
v485	-0.208 0.167 0.160	0.847 0.531 0.001	0.133 0.133 0.133 1.000
v486	-0.207 0.167 0.130	0.899 0.437 -0.032	0.133 0.133 0.133 1.000
v487	-0.204 0.163 0.170	0.767 0.642 0.001	0.133 0.133 0.133 1.000
v488	-0.212 0.222 0.131	0.989 -0.146 -0.017	0.133 0.133 0.133 1.000
v489	-0.207 0.233 0.160	0.911 -0.413 -0.021	0.133 0.133 0.133 1.000
v490	-0.207 0.233 0.130	0.834 -0.551 0.000	0.133 0.133 0.133 1.000
v491	-0.212 0.218 0.145	0.994 -0.109 -0.032	0.133 0.133 0.133 1.000
v492	-0.212 0.182 0.145	0.986 0.164 -0.025	0.133 0.133 0.133 1.000
v493	-0.212 0.218 0.145	0.994 -0.109 -0.032	0.133 0.133 0.133 1.000
v494	-0.212 0.222 0.131	0.989 -0.146 -0.017	0.133 0.133 0.133 1.000
v495	-0.212 0.179 0.131	0.981 0.188 -0.050	0.133 0.133 0.133 1.000
v496	0.193 0.237 0.327	1.000 0.000 0.000	0.000 0.000 0.000 1.000
v497	0.193 0.275 0.288	1.000 0.000 0.000	0.000 0.000 0.000 1.000
v498	0.193 0.276 0.209	1.000 0.000 0.000	0.000 0.000 0.000 1.000
v499	0.193 0.202 0.209	1.000 0.000 0.000	0.000 0.000 0.000 1.000
v500	0.193 0.202 0.327	1.000 0.000 0.000	0.000 0.000 0.000 1.000
v501	0.193 0.147 0.326	1.000 0.000 0.000	0.000 0.000 0.000 1.000
v502	0.193 0.173 0.326	1.000 0.000 0.000	0.000 0.000 0.000 1.000
v503	0.193 0.173 0.211	1.000 0.000 0.000	0.000 0.000 0.000 1.000
v504	0.193 0.131 0.211	1.000 0.000 0.000	0.000 0.000 0.000 1.000
v505	0.193 0.109 0.287	1.000 0.000 0.000	0.000 0.000 0.000 1.000
v506	0.192 0.247 0.339	1.000 0.000 0.000	0.251 0.251 0.251 1.000
v507	0.192 0.294 0.291	1.000 0.000 0.000	0.251 0.251 0.251 1.000
v508	0.192 0.295 0.194	1.000 0.000 0.000	0.251 0.251 0.251 1.000
v509	0.192 0.135 0.339	1.000 0.000 0.000	0.251 0.251 0.251 1.000
v510	0.192 0.114 0.194	1.000 0.000 0.000	0.251 0.251 0.251 1.000
v511	0.192 0.086 0.291	1.000 0.000 0.000	0.251 0.251 0.251 1.000
v512	-0.198 0.237 0.327	1.000 0.000 0.000	0.000 0.000 0.000 1.000
v513	-0.198 0.275 0.288	1.000 0.000 0.000	0.000 0.000 0.000 1.000
v514	-0.198 0.276 0.209	1.000 0.000 0.000	0.000 0.000 0.000 1.000
v515	-0.198 0.202 0.209	1.000 0.000 0.000	0.000 0.000 0.000 1.000
v516	-0.198 0.202 0.327	1.000 0.000 0.000	0.000 0.000 0.000 1.000
v517	-0.198 0.147 0.326	1.000 0.000 0.000	0.000 0.000 0.000 1.000
v518	-0.198 0.173 0.326	1.000 0.000 0.000	0.000 0.000 0.000 1.000
v519	-0.198 0.173 0.211	1.000 0.000 0.000	0.000 0.000 0.000 1.000
v520	-0.198 0.131 0.211	1.000 0.000 0.000	0.000 0.000 0.000 1.000
v521	-0.198 0.109 0.287	1.000 0.000 0.000	0.000 0.000 0.000 1.000
v522	-0.197 0.247 0.339	1.000 0.000 0.000	0.251 0.251 0.251 1.000
v523	-0.197 0.294 0.291	1.000 0.000 0.000	0.251 0.251 0.251 1.000
v524	-0.197 0.295 0.194	1.000 0.000 0.000	0.251 0.251 0.251 1.000
v525	-0.197 0.135 0.339	1.000 0.000 0.000	0.251 0.251 0.251 1.000
v526	-0.197 0.114 0.194	1.000 0.000 0.000	0.251 0.251 0.251 1.000
v527	-0.197 0.086 0.291	1.000 0.000 0.000	0.251 0.251 0.251 1.000
f3 3 2 9
f3 8 3 9
f3 184 1 10
f3 185 184 10
f3 186 0 11
f3 187 0 186
f3 4 14 5
f3 15 14 4
f3 188 13 6
f3 189 13 188
f3 190 12 7
f3 191 190 7
f3 53 192 193
f3 52 192 53
f3 194 192 52
f3 194 52 50
f3 51 53 193
f3 50 51 193
f3 195 50 193
f3 195 194 50
f3 196 197 198
f3 199 197 196
f3 200 201 202
f3 203 200 202
f3 17 204 205
f3 16 17 205
f3 18 206 207
f3 208 206 18
f3 209 210 211
f3 212 209 211
f3 19 212 211
f3 213 212 19
f3 20 4 214
f3 15 4 20
f3 215 216 217
f3 21 216 215
f3 218 22 3
f3 8 218 3
f3 219 23 220
f3 221 23 219
f3 222 23 221
f3 223 222 221
f3 224 225 11
f3 0 224 11
f3 25 226 227
f3 24 25 227
f3 26 228 229
f3 230 228 26
f3 231 232 233
f3 27 231 233
f3 234 235 236
f3 28 234 236
f3 237 238 239
f3 29 238 237
f3 240 30 241
f3 242 30 240
f3 243 31 244
f3 245 31 243
f3 246 247 248
f3 249 246 248
f3 32 33 37
f3 36 32 37
f3 34 38 250
f3 251 34 250
f3 252 35 39
f3 253 35 252
f3 254 47 44
f3 255 254 44
f3 43 25 24
f3 42 43 24
f3 256 257 258
f3 259 256 258
f3 260 29 237
f3 261 260 237
f3 262 263 264
f3 265 263 262
f3 245 266 48
f3 267 266 245
f3 48 40 31
f3 245 48 31
f3 268 269 270
f3 271 269 268
f3 41 272 273
f3 274 272 41
f3 27 49 45
f3 275 27 45
f3 49 233 276
f3 27 233 49
f3 277 278 279
f3 280 278 277
f3 281 278 280
f3 46 278 281
f3 282 283 284
f3 285 283 282
f3 286 287 288
f3 289 286 288
f3 290 289 288
f3 291 289 290
f3 292 293 294
f3 295 292 294
f3 296 292 295
f3 297 296 295
f3 54 298 299
f3 56 54 299
f3 300 301 57
f3 55 300 57
f3 302 303 304
f3 305 302 304
f3 306 307 308
f3 309 307 306
f3 310 311 312
f3 313 311 310
f3 61 60 66
f3 58 61 66
f3 67 58 66
f3 59 58 67
f3 314 63 315
f3 64 63 314
f3 316 317 318
f3 68 317 316
f3 62 65 319
f3 320 62 319
f3 321 322 323
f3 324 322 321
f3 325 70 326
f3 72 70 325
f3 327 328 329
f3 75 328 327
f3 69 330 73
f3 74 69 73
f3 331 332 71
f3 333 332 331
f3 334 335 336
f3 337 335 334
f3 338 339 340
f3 341 338 340
f3 342 343 344
f3 345 343 342
f3 346 343 345
f3 347 346 345
f3 348 349 350
f3 351 349 348
f3 352 351 348
f3 353 351 352
f3 78 80 81
f3 79 80 78
f3 354 77 76
f3 355 77 354
f3 82 83 356
f3 357 82 356
f3 358 84 359
f3 360 358 359
f3 361 362 85
f3 363 362 361
f3 364 86 87
f3 365 364 87
f3 366 367 368
f3 369 366 368
f3 370 89 371
f3 91 89 370
f3 372 91 370
f3 93 91 372
f3 92 93 372
f3 82 92 372
f3 373 92 82
f3 90 92 373
f3 88 90 374
f3 375 88 373
f3 376 377 378
f3 95 377 376
f3 94 377 95
f3 379 377 94
f3 379 94 380
f3 94 381 380
f3 96 99 98
f3 97 96 98
f3 382 383 384
f3 385 382 384
f3 386 387 388
f3 389 390 391
f3 392 393 394
f3 395 393 392
f3 396 397 398
f3 399 396 398
f3 400 401 402
f3 403 404 405
f3 406 407 408
f3 409 407 406
f3 105 100 119
f3 118 105 119
f3 101 410 411
f3 102 101 411
f3 103 102 411
f3 104 103 411
f3 412 120 413
f3 414 412 413
f3 412 121 415
f3 416 121 412
f3 416 122 417
f3 418 122 416
f3 419 420 421
f3 123 420 419
f3 108 106 107
f3 109 106 108
f3 110 106 109
f3 111 106 110
f3 112 113 422
f3 423 112 422
f3 114 424 425
f3 426 114 425
f3 427 428 424
f3 115 428 427
f3 429 430 428
f3 116 430 429
f3 117 431 432
f3 433 431 117
f3 434 435 436
f3 437 435 434
f3 438 439 426
f3 413 120 426
f3 415 115 427
f3 121 115 415
f3 440 116 441
f3 122 116 417
f3 442 443 444
f3 445 443 442
f3 128 126 127
f3 129 126 128
f3 124 446 447
f3 125 124 447
f3 448 449 130
f3 131 448 130
f3 450 451 452
f3 132 450 452
f3 453 454 455
f3 133 453 455
f3 456 457 134
f3 135 456 134
f3 458 459 460
f3 461 458 460
f3 138 462 136
f3 463 462 138
f3 130 463 138
f3 140 130 138
f3 141 130 140
f3 452 130 141
f3 139 452 141
f3 464 452 139
f3 137 464 139
f3 465 464 137
f3 142 466 467
f3 143 142 467
f3 468 143 467
f3 468 469 143
f3 470 469 468
f3 142 471 466
f3 146 145 144
f3 147 146 144
f3 472 473 474
f3 475 473 472
f3 476 477 478
f3 479 477 476
f3 480 481 482
f3 483 481 480
f3 484 485 486
f3 487 485 484
f3 488 489 490
f3 491 489 488
f3 492 493 494
f3 495 492 494
f3 150 148 149
f3 151 148 150
f3 152 151 150
f3 496 497 498
f3 499 496 498
f3 500 496 499
f3 155 159 158
f3 157 159 155
f3 156 157 155
f3 501 502 503
f3 504 501 503
f3 505 501 504
f3 162 160 161
f3 163 160 162
f3 165 160 163
f3 164 165 163
f3 506 507 508
f3 509 506 508
f3 510 509 508
f3 511 509 510
f3 168 166 167
f3 169 166 168
f3 170 169 168
f3 512 513 514
f3 515 512 514
f3 516 512 515
f3 173 177 176
f3 175 177 173
f3 174 175 173
f3 517 518 519
f3 520 517 519
f3 521 517 520
f3 180 178 179
f3 181 178 180
f3 183 178 181
f3 182 183 181
f3 522 523 524
f3 525 522 524
f3 526 525 524
f3 527 525 526
